297.804	619.625
887.206	627.444
323.782	1444.63
839.839	1983.79
1554.43	1866.48
171.015	1691.48
235.894	1114.23
1333.11	1507.24
1384.05	1325.21
1606.6	1121.11
592.087	892.177
52.2735	2026.44
1659.97	1706.23
1653.06	840.567
488.231	1013.61
219.519	1628.98
790.08	1404.26
1158.71	1258.65
371.55	517.274
1763.82	587.529
1477.59	1304.62
839.746	790.159
1516.14	689.475
1636.82	2007.97
1798.39	1212.6
1323.87	1043.9
1196.86	1583.53
726.011	1869.6
1683.37	1841.46
733.718	1485.94
1558.87	524.054
1135.48	831.326
1593	1646.35
591.732	1486.6
1658.45	1642.49
958.066	1927.4
499.92	1073.11
267.528	808.024
1398.85	2256.42
969.015	1264.35
393.267	1641.14
1537.59	2114.85
1201.21	1052.29
1655.32	538.029
1112.56	1646.68
1674.45	1110.06
999.35	1104.56
1365.64	1784.67
1703.64	1090.93
259.358	2093.72
358.894	517.101
986.115	552.419
1100.54	1434.25
1721.23	1348.83
1522.1	1289.28
741.554	899.369
1733.37	1975.29
999.465	1351.58
977.052	2207.33
1720.79	1815.87
1659.6	1854.55
932.556	1806.2
152.504	960.726
1327.64	1872.51
421.457	2283.57
171.126	1705.13
1037.37	1884.1
656.627	2292.64
628.006	1798.62
216.391	1614.43
1124.88	522.688
393.936	1249.84
1661.96	739.73
983.37	783.731
282.696	824.767
1443	991.05
1711.84	554.77
1088.95	1681.4
1547.15	1957.33
1275.17	783.733
928.986	1527.86
1065.71	2154.7
442.499	1547.74
405.969	888.824
309.562	733.695
499.521	2215.12
626.086	950.299
995.398	1358.23
1701.72	1016.44
1693.53	2048.23
57.3278	1737.37
1173.92	1057.6
1737.34	2193.35
55.8101	2049.1
1692.44	615.99
1293.1	514.005
1289.47	1483.94
812.914	1282.48
104.273	769.161
501.885	1388.29
1653.76	1363.86
848.394	1567.46
1625.56	1821.95
1646.1	773.513
56.9469	1443.58
465.824	988.678
621.386	834.608
1096.65	1915.63
685.6	1372.76
77.1888	2028.95
80.2996	715.984
1296.82	1764.85
1646.11	2167.29
1612.48	1934.35
933.018	867.079
1042.37	2143.09
1050.2	572.985
274.136	1296.12
1502.27	648.798
1276.26	1351.72
613.158	1616.07
766.93	2051.4
1669.45	1263.92
1222.7	2168.26
1380.92	860.002
529.102	2143.26
977.565	702.174
1032.57	2138.81
632.536	966.67
998.293	1175.87
1408.95	1416.6
176.317	2010.12
578.995	1591.19
326.931	854.589
634.157	2163.75
469.585	1845.53
355.536	2068.54
1366.8	2083.22
522.212	867.752
1373.54	988.365
1505.18	809.8
1459.8	811.724
845.062	900.64
151.192	1585.01
749.513	1585.74
838.41	1106.6
1196.95	2000.24
1165.8	2120.88
776.955	1456.23
1347.94	1107.12
581.149	2169.38
1278.49	1576.92
208.067	936.116
224.339	1300.95
941.796	1129.49
1210.31	1509.88
941.905	2036.04
406.488	1294.9
891.652	1553.51
1281.23	2117.1
1069.84	1576.57
344.629	1513.29
1113.82	996.027
415.794	1056.79
731.588	1650.83
1091.13	2065.23
541.86	1978.76
722.614	1900.13
899.096	1836.7
745.454	1220.17
879.548	1572.82
637.391	1885.49
1193.94	1685.41
490.873	1323.86
1308.29	1507.5
812.937	1654.4
1095.42	1395.21
619.353	1753.45
1221.52	1191.98
516.235	1657.25
1086.46	1435.59
1207.59	1442
638.029	1574.86
532.819	1734.04
809.981	1741.99
724.846	1857.88
983.118	1838.85
1253.63	1618.54
1250.44	1956.63
1218.53	1308.77
1225.58	1224.86
800.31	1334.05
981.112	1507.18
554.294	1457.5
599.154	1635.21
550.601	1874.74
793.55	1563.97
1353.11	1141.35
558.596	1489.92
1235.05	1570.73
1078.5	1319.29
1242.43	1801.26
423.113	1028.89
852.453	1222.31
647.987	1029.71
744.314	1308.74
1470.37	1791.74
450.442	1992.36
583.716	1059.8
923.019	1824.16
1450.97	1680.8
1344.11	1675.04
509.702	1690.25
1294.05	1942.53
1002.18	1601.3
957.97	877.954
771.982	1514.02
602.713	819.767
1008.79	905.779
367.565	1983.18
591.81	1759.35
923.541	1804.52
827.562	1876.38
1574.19	691.503
1430	999.546
800.368	2155.03
444.304	940.326
959.054	697.9
538.564	1864.63
1038.13	582.282
978.171	1917.29
1564.25	1258.6
