345.218	1811.89
337.881	1778.67
331.914	1743.9
327.306	1707.67
324.028	1670.1
322.041	1631.34
321.291	1591.56
321.712	1550.96
323.228	1509.74
325.755	1468.14
329.202	1426.41
333.47	1384.8
338.459	1343.58
344.064	1303.03
350.18	1263.39
356.707	1224.93
363.543	1187.89
370.594	1152.48
377.771	1118.89
384.994	1087.3
392.193	1057.81
399.308	1030.54
406.292	1005.52
413.11	982.773
419.74	962.284
426.173	943.999
432.412	927.84
438.47	913.705
444.373	901.474
450.152	891.017
455.847	882.198
461.501	874.88
467.164	868.927
472.882	864.21
478.706	860.608
484.68	858.012
490.849	856.319
497.25	855.441
503.916	855.296
510.872	855.814
518.135	856.929
525.714	858.585
533.61	860.73
541.815	863.315
550.312	866.298
559.078	869.637
568.084	873.295
577.293	877.238
586.667	881.433
596.164	885.853
605.741	890.472
615.356	895.27
624.969	900.231
634.544	905.343
644.046	910.597
653.449	915.991
662.728	921.526
671.867	927.207
680.853	933.042
689.679	939.04
698.341	945.215
706.84	951.58
715.181	958.147
723.37	964.928
731.416	971.936
739.329	979.178
747.121	986.661
754.802	994.386
762.383	1002.35
769.877	1010.56
777.293	1018.98
784.641	1027.62
791.93	1036.46
799.168	1045.46
806.36	1054.6
813.512	1063.85
820.627	1073.17
827.707	1082.52
834.754	1091.86
841.766	1101.15
848.744	1110.34
855.684	1119.38
862.585	1128.23
869.443	1136.83
876.258	1145.15
883.029	1153.13
889.755	1160.73
896.44	1167.92
903.09	1174.65
909.714	1180.9
916.325	1186.62
922.942	1191.8
929.588	1196.4
936.291	1200.42
943.085	1203.82
950.007	1206.6
957.102	1208.74
964.418	1210.23
972.005	1211.07
979.916	1211.24
988.206	1210.73
996.926	1209.55
1006.13	1207.68
1015.86	1205.12
1026.15	1201.87
1037.04	1197.93
1048.55	1193.3
1060.69	1188
1073.46	1182.03
1086.83	1175.41
1100.79	1168.17
1115.28	1160.34
1130.25	1151.96
1145.63	1143.09
1161.34	1133.77
1177.3	1124.09
1193.41	1114.11
1209.58	1103.91
1225.7	1093.6
1241.68	1083.26
1257.42	1072.99
1272.83	1062.89
1287.81	1053.08
1302.3	1043.65
1316.21	1034.7
1329.49	1026.35
1342.07	1018.67
1353.91	1011.78
1364.97	1005.74
1375.23	1000.64
1384.66	996.543
1393.25	993.52
1401	991.622
1407.91	990.891
1413.99	991.361
1419.26	993.058
1423.73	995.993
1427.42	1000.17
1430.38	1005.59
1432.61	1012.23
1434.16	1020.07
1435.05	1029.08
1435.31	1039.21
1434.97	1050.41
1434.06	1062.63
1432.59	1075.81
1430.6	1089.89
1428.1	1104.78
1425.1	1120.44
1421.64	1136.77
1417.72	1153.72
1413.36	1171.21
1408.58	1189.19
1403.38	1207.6
1397.79	1226.38
1391.81	1245.49
1385.44	1264.91
1378.7	1284.61
1371.59	1304.58
1364.1	1324.8
1356.22	1345.3
1347.95	1366.08
1339.26	1387.15
1330.15	1408.53
1320.6	1430.26
1310.59	1452.33
1300.09	1474.76
1289.11	1497.56
1277.64	1520.72
1265.67	1544.23
1253.21	1568.05
1240.28	1592.13
1226.91	1616.44
1213.13	1640.9
1198.98	1665.45
1184.5	1689.99
1169.75	1714.45
1154.78	1738.75
1139.66	1762.79
1124.43	1786.51
1109.15	1809.81
1093.88	1832.62
1078.66	1854.89
1063.53	1876.55
1048.55	1897.55
1033.74	1917.85
1019.13	1937.4
1004.74	1956.18
990.595	1974.16
976.708	1991.32
963.086	2007.64
949.732	2023.11
936.642	2037.71
923.808	2051.44
911.214	2064.3
898.838	2076.27
886.651	2087.35
874.616	2097.55
862.687	2106.88
850.814	2115.32
838.937	2122.88
826.993	2129.57
814.912	2135.39
802.623	2140.34
790.052	2144.42
777.127	2147.63
763.781	2149.97
749.951	2151.42
735.586	2151.98
720.643	2151.64
705.097	2150.37
688.934	2148.16
672.162	2144.98
654.805	2140.79
636.908	2135.58
618.532	2129.3
599.76	2121.91
580.687	2113.36
561.427	2103.61
542.103	2092.61
522.85	2080.29
503.806	2066.61
485.115	2051.51
466.918	2034.92
449.355	2016.8
432.558	1997.09
416.652	1975.75
401.748	1952.73
387.945	1928
375.33	1901.54
363.971	1873.36
353.922	1843.47
