733.056	1612.2
733.252	1596.2
733.445	1579.66
733.667	1562.62
733.937	1545.12
734.268	1527.23
734.663	1509
735.115	1490.51
735.61	1471.81
736.124	1452.96
736.63	1434
737.096	1415
737.49	1395.96
737.776	1376.92
737.923	1357.88
737.896	1338.86
737.666	1319.84
737.201	1300.82
736.473	1281.78
735.451	1262.7
734.104	1243.57
732.401	1224.36
730.311	1205.07
727.803	1185.66
724.849	1166.12
721.424	1146.44
717.509	1126.6
713.092	1106.58
708.167	1086.38
702.738	1065.97
696.818	1045.36
690.429	1024.53
683.602	1003.49
676.376	982.26
668.803	960.854
660.939	939.32
652.851	917.718
644.615	896.128
636.313	874.648
628.034	853.393
619.872	832.496
611.928	812.095
604.299	792.335
597.087	773.359
590.386	755.3
584.288	738.279
578.879	722.398
574.235	707.738
570.425	694.358
567.511	682.297
565.547	671.571
564.584	662.182
564.669	654.114
565.847	647.345
568.166	641.841
571.677	637.567
576.434	634.482
582.499	632.544
589.937	631.712
598.822	631.942
609.23	633.187
621.238	635.398
634.926	638.523
650.365	642.502
667.621	647.266
686.744	652.737
707.764	658.826
730.688	665.432
755.493	672.441
782.123	679.726
810.483	687.151
840.442	694.572
871.827	701.841
904.43	708.811
938.009	715.342
972.29	721.306
1006.98	726.594
1041.78	731.122
1076.39	734.828
1110.5	737.684
1143.83	739.687
1176.15	740.863
1207.23	741.26
1236.92	740.946
1265.1	739.999
1291.69	738.509
1316.67	736.566
1340.04	734.259
1361.85	731.674
1382.16	728.894
1401.06	725.993
1418.62	723.042
1434.92	720.106
1450.04	717.248
1464.05	714.528
1476.99	712.005
1488.9	709.74
1499.83	707.795
1509.78	706.235
1518.79	705.131
1526.87	704.56
1534.03	704.608
1540.29	705.373
1545.68	706.968
1550.2	709.522
1553.87	713.184
1556.71	718.122
1558.72	724.523
1559.91	732.592
1560.26	742.542
1559.77	754.591
1558.39	768.946
1556.1	785.787
1552.86	805.259
1548.62	827.447
1543.37	852.367
1537.08	879.954
1529.76	910.053
1521.45	942.423
1512.21	976.741
1502.14	1012.62
1491.38	1049.61
1480.07	1087.26
1468.38	1125.11
1456.49	1162.7
1444.57	1199.64
1432.77	1235.59
1421.22	1270.27
1410.03	1303.5
1399.29	1335.16
1389.04	1365.17
1379.33	1393.56
1370.15	1420.37
1361.51	1445.71
1353.38	1469.68
1345.73	1492.42
1338.51	1514.09
1331.67	1534.83
1325.17	1554.77
1318.92	1574.05
1312.86	1592.79
1306.92	1611.11
1301.01	1629.08
1295.06	1646.8
1288.98	1664.33
1282.71	1681.73
1276.16	1699.02
1269.29	1716.24
1262.02	1733.39
1254.31	1750.48
1246.13	1767.51
1237.44	1784.45
1228.23	1801.29
1218.46	1818.02
1208.13	1834.62
1197.21	1851.08
1185.69	1867.41
1173.57	1883.61
1160.83	1899.7
1147.46	1915.69
1133.46	1931.6
1118.86	1947.45
1103.66	1963.24
1087.93	1978.96
1071.72	1994.6
1055.11	2010.11
1038.21	2025.46
1021.12	2040.58
1003.99	2055.38
986.945	2069.79
970.131	2083.72
953.684	2097.08
937.733	2109.79
922.393	2121.76
907.755	2132.94
893.891	2143.28
880.845	2152.73
868.634	2161.26
857.251	2168.88
846.663	2175.58
836.819	2181.36
827.647	2186.25
819.063	2190.26
810.975	2193.43
803.284	2195.76
795.889	2197.28
788.692	2197.99
781.602	2197.91
774.535	2197.03
767.422	2195.32
760.206	2192.79
752.852	2189.39
745.339	2185.09
737.673	2179.86
729.879	2173.65
722.006	2166.41
714.124	2158.12
706.328	2148.72
698.729	2138.19
691.458	2126.51
684.654	2113.69
678.465	2099.73
673.033	2084.68
668.492	2068.59
664.956	2051.56
662.509	2033.71
661.202	2015.16
661.045	1996.09
662.005	1976.66
664.01	1957.08
666.952	1937.52
670.692	1918.17
675.072	1899.21
679.922	1880.77
685.071	1862.98
690.353	1845.92
695.618	1829.64
700.733	1814.13
705.588	1799.38
710.098	1785.32
714.2	1771.87
717.857	1758.89
721.051	1746.28
723.781	1733.89
726.064	1721.57
727.928	1709.2
729.412	1696.63
730.561	1683.76
731.424	1670.5
732.054	1656.75
732.502	1642.47
732.82	1627.62
