750	926.598
750	900.369
750	900.001
750	900
750	900
749.972	899.996
743.035	899.039
610.491	880.757
467.368	861.016
460.006	860.001
460	860
460	860
460	860
460.021	859.932
466.185	840.207
502.276	724.716
509.929	700.228
510	700.001
510	700
510	700
509.998	699.999
505.883	698.383
378.262	648.246
238.348	593.28
230.029	590.012
230	590
230	590
230	590
230.012	589.996
238.481	587.064
373.226	540.422
485.266	501.639
489.992	500.003
490	500
490	500
490	500
490.012	500.002
497.578	501.083
664.252	524.894
831.543	548.792
839.993	549.999
840	550
840	550
840	550
840.004	550.009
846.08	562.16
952.142	774.285
1035.83	941.661
1040	949.992
1040	950
1040	950
1040	950
1040	949.997
1045.25	946.502
1158.25	871.165
1273.12	794.587
1279.97	790.02
1280	790
1280	790
1280	790
1280	790
1280.14	789.948
1332.61	770.094
1575.9	678.039
1648.39	650.609
1650	650.001
1650	650
1650	650
1650	650
1650	650.001
1650.65	652.012
1675.64	729.609
1786.8	1074.79
1839.04	1237.01
1840	1240
1840	1240
1840	1240
1840	1240
1840	1240
1839.25	1240.84
1806.53	1277.29
1623.93	1480.76
1494.07	1625.46
1490	1630
1490	1630
1490	1630
1490	1630
1490	1629.99
1489.75	1628.28
1484.33	1590.32
1464.86	1453.99
1460.01	1420.05
1460	1420
1460	1420
1460	1420
1460	1420
1459.91	1419.89
1455.5	1414.5
1397.44	1343.54
1291.19	1213.68
1280.01	1200.01
1280	1200
1280	1200
1280	1200
1280	1200
1279.95	1200.73
1278	1230.05
1266.76	1398.65
1260.16	1497.63
1260	1500
1260	1500
1260	1500
1260	1500
1260	1500.01
1258.04	1504.62
1209.36	1619.69
1153.42	1751.92
1150.01	1759.99
1150	1760
1150	1760
1150	1760
1150	1760.01
1152.82	1763.84
1205.21	1835.29
1257	1905.91
1260	1909.99
1260	1910
1260	1910
1260	1910
1260	1910.02
1257.61	1920.35
1215.47	2102.95
1172.34	2289.88
1170	2299.99
1170	2300
1170	2300
1170	2300
1170	2299.99
1165.39	2292.42
1091.2	2170.54
1032.46	2074.04
1030	2070.01
1030	2070
1030	2070
1030	2070
1029.99	2070
1024.48	2074.37
908.104	2166.5
795.328	2255.78
790.008	2259.99
790	2260
790	2260
790	2260
789.982	2259.9
787.326	2244.63
761.581	2096.59
750.076	2030.44
750	2030
750	2030
750	2030
749.992	2030
748.129	2030.72
693.324	2051.8
514.684	2120.51
490.02	2129.99
490	2130
490	2130
490	2130
489.996	2130
486.81	2129.72
370.334	2119.36
80.5387	2093.6
40.1298	2090.01
40	2090
40	2090
40	2090
40.0307	2089.99
51.8454	2085.93
212.421	2030.73
353.654	1982.18
359.987	1980
360	1980
360	1980
360	1980
360.024	1979.99
368.142	1976.36
543.178	1898.15
810.869	1778.55
829.98	1770.01
830	1770
830	1770
830	1770
829.895	1769.94
806.758	1757.22
663.722	1678.55
630.169	1660.09
630	1660
630	1660
630	1660
630	1660
629.951	1659.67
622.906	1612.12
595.063	1424.18
590.046	1390.31
590	1390
590	1390
590	1390
590.238	1389.84
614.43	1373.71
699.511	1316.99
709.962	1310.03
710	1310
710	1310
710	1310
710.002	1310
714.448	1310.51
836.564	1324.6
959.623	1338.8
969.943	1339.99
970	1340
970	1340
970	1340
969.95	1339.95
952.381	1320.78
815.368	1171.31
752.45	1102.67
750.005	1100.01
750	1100
750	1100
750	1100
750	1099.85
750	1067.81
