668.923	1284.54
677.258	1265.91
684.811	1248.77
691.629	1233.01
697.76	1218.54
703.25	1205.27
708.142	1193.14
712.474	1182.06
716.281	1171.98
719.595	1162.82
722.446	1154.53
724.859	1147.03
726.861	1140.25
728.473	1134.11
729.714	1128.51
730.596	1123.37
731.13	1118.57
731.316	1114.02
731.152	1109.58
730.626	1105.14
729.72	1100.58
728.408	1095.74
726.659	1090.5
724.439	1084.7
721.713	1078.21
718.447	1070.89
714.614	1062.58
710.201	1053.18
705.205	1042.57
699.649	1030.68
693.572	1017.44
687.043	1002.84
680.151	986.907
673.008	969.686
665.743	951.278
658.497	931.818
651.418	911.474
644.656	890.444
638.353	868.944
632.644	847.206
627.651	825.466
623.481	803.959
620.225	782.907
617.958	762.515
616.739	742.965
616.615	724.412
617.615	706.98
619.756	690.762
623.043	675.82
627.465	662.188
632.999	649.874
639.607	638.862
647.238	629.12
655.824	620.601
665.285	613.247
675.525	606.999
686.441	601.79
697.916	597.56
709.833	594.248
722.074	591.8
734.525	590.167
747.084	589.31
759.667	589.195
772.208	589.794
784.665	591.09
797.023	593.071
809.287	595.73
821.491	599.068
833.682	603.091
845.926	607.804
858.294	613.217
870.863	619.335
883.704	626.158
896.88	633.679
910.436	641.878
924.4	650.72
938.776	660.151
953.544	670.101
968.655	680.48
984.04	691.18
999.607	702.082
1015.25	713.056
1030.84	723.973
1046.26	734.705
1061.4	745.137
1076.12	755.172
1090.33	764.736
1103.94	773.781
1116.88	782.287
1129.11	790.266
1140.59	797.754
1151.33	804.816
1161.33	811.539
1170.61	818.03
1179.22	824.414
1187.21	830.827
1194.64	837.419
1201.58	844.346
1208.09	851.772
1214.24	859.863
1220.11	868.786
1225.75	878.704
1231.21	889.771
1236.52	902.129
1241.71	915.897
1246.77	931.167
1251.69	947.999
1256.44	966.408
1260.97	986.366
1265.23	1007.79
1269.16	1030.57
1272.7	1054.52
1275.78	1079.44
1278.36	1105.1
1280.39	1131.24
1281.84	1157.61
1282.66	1183.98
1282.86	1210.12
1282.42	1235.85
1281.34	1261.02
1279.63	1285.52
1277.29	1309.27
1274.33	1332.26
1270.77	1354.5
1266.61	1376.03
1261.85	1396.93
1256.48	1417.31
1250.5	1437.3
1243.89	1457.04
1236.62	1476.7
1228.68	1496.45
1220.06	1516.43
1210.73	1536.81
1200.72	1557.72
1190.05	1579.26
1178.79	1601.51
1167.01	1624.48
1154.84	1648.18
1142.43	1672.52
1129.95	1697.4
1117.59	1722.65
1105.55	1748.1
1094.01	1773.53
1083.16	1798.7
1073.14	1823.38
1064.08	1847.35
1056.05	1870.39
1049.08	1892.33
1043.19	1913
1038.32	1932.3
1034.42	1950.13
1031.38	1966.44
1029.1	1981.22
1027.47	1994.46
1026.37	2006.22
1025.68	2016.54
1025.32	2025.53
1025.18	2033.27
1025.19	2039.88
1025.28	2045.47
1025.42	2050.17
1025.55	2054.11
1025.66	2057.38
1025.7	2060.11
1025.67	2062.4
1025.54	2064.32
1025.29	2065.97
1024.89	2067.4
1024.31	2068.67
1023.51	2069.85
1022.42	2070.95
1020.99	2072.03
1019.13	2073.09
1016.72	2074.17
1013.66	2075.26
1009.79	2076.37
1004.97	2077.5
999.022	2078.64
991.777	2079.76
983.068	2080.85
972.743	2081.89
960.674	2082.84
946.77	2083.68
930.985	2084.4
913.329	2084.95
893.868	2085.33
872.729	2085.5
850.095	2085.45
826.199	2085.16
801.318	2084.59
775.751	2083.72
749.815	2082.5
723.823	2080.9
698.076	2078.85
672.849	2076.3
648.383	2073.19
624.886	2069.45
602.527	2065
581.443	2059.77
561.737	2053.69
543.49	2046.67
526.762	2038.64
511.594	2029.55
498.02	2019.31
486.059	2007.86
475.728	1995.14
467.036	1981.1
459.99	1965.67
454.598	1948.79
450.865	1930.42
448.799	1910.49
448.404	1888.97
449.687	1865.81
452.646	1841.01
457.267	1814.57
463.522	1786.53
471.354	1756.99
480.678	1726.07
491.371	1693.98
503.271	1660.95
516.181	1627.29
529.873	1593.34
544.097	1559.45
558.595	1525.97
573.112	1493.27
587.411	1461.65
601.285	1431.36
614.563	1402.61
627.117	1375.53
638.86	1350.18
649.746	1326.6
659.763	1304.74
