639.68	1392.71
642.073	1377.69
643.887	1363.28
645.12	1349.33
645.767	1335.69
645.818	1322.18
645.261	1308.61
644.077	1294.81
642.246	1280.58
639.749	1265.78
636.572	1250.28
632.707	1233.97
628.163	1216.81
622.963	1198.8
617.155	1180
610.81	1160.51
604.023	1140.47
596.914	1120.07
589.621	1099.51
582.297	1079
575.098	1058.73
568.18	1038.88
561.692	1019.6
555.767	1001
550.524	983.149
546.062	966.083
542.464	949.804
539.797	934.287
538.112	919.491
537.449	905.362
537.839	891.841
539.299	878.871
541.84	866.4
545.459	854.382
550.143	842.783
555.868	831.579
562.594	820.758
570.267	810.317
578.82	800.262
588.17	790.606
598.223	781.367
608.872	772.564
619.999	764.216
631.481	756.338
643.189	748.943
654.993	742.035
666.763	735.618
678.376	729.686
689.712	724.235
700.665	719.257
711.139	714.748
721.05	710.708
730.331	707.139
738.933	704.056
746.821	701.475
753.979	699.424
760.407	697.932
766.12	697.034
771.15	696.766
775.54	697.159
779.346	698.244
782.634	700.044
785.479	702.573
787.968	705.838
790.195	709.837
792.269	714.558
794.31	719.982
796.454	726.085
798.856	732.837
801.691	740.207
805.152	748.164
809.457	756.679
814.84	765.728
821.554	775.295
829.857	785.367
840.005	795.945
852.243	807.036
866.783	818.653
883.794	830.819
903.386	843.56
925.596	856.903
950.377	870.872
977.597	885.487
1007.04	900.753
1038.4	916.663
1071.32	933.188
1105.38	950.277
1140.12	967.852
1175.08	985.811
1209.77	1004.03
1243.76	1022.35
1276.62	1040.63
1307.96	1058.7
1337.45	1076.39
1364.8	1093.56
1389.77	1110.09
1412.16	1125.87
1431.82	1140.86
1448.64	1155.02
1462.52	1168.37
1473.43	1180.95
1481.33	1192.84
1486.24	1204.13
1488.2	1214.95
1487.27	1225.42
1483.54	1235.66
1477.13	1245.82
1468.19	1256.02
1456.91	1266.38
1443.49	1277.01
1428.18	1288
1411.24	1299.44
1392.95	1311.39
1373.64	1323.91
1353.6	1337.04
1333.17	1350.82
1312.66	1365.27
1292.35	1380.41
1272.54	1396.25
1253.46	1412.8
1235.31	1430.06
1218.28	1448
1202.47	1466.6
1187.97	1485.83
1174.81	1505.63
1162.97	1525.91
1152.41	1546.58
1143.05	1567.52
1134.78	1588.6
1127.49	1609.66
1121.02	1630.55
1115.24	1651.14
1110	1671.28
1105.16	1690.85
1100.6	1709.77
1096.18	1727.98
1091.82	1745.46
1087.42	1762.2
1082.92	1778.23
1078.25	1793.6
1073.39	1808.36
1068.3	1822.56
1062.99	1836.26
1057.48	1849.5
1051.77	1862.32
1045.91	1874.73
1039.94	1886.74
1033.92	1898.34
1027.89	1909.51
1021.9	1920.24
1015.99	1930.47
1010.19	1940.2
1004.51	1949.4
998.969	1958.03
993.535	1966.1
988.181	1973.6
982.862	1980.54
977.522	1986.94
972.099	1992.84
966.526	1998.26
960.738	2003.26
954.674	2007.88
948.279	2012.17
941.51	2016.19
934.33	2020
926.716	2023.64
918.655	2027.15
910.142	2030.59
901.18	2034
891.778	2037.4
881.946	2040.84
871.699	2044.33
861.051	2047.89
850.015	2051.52
838.6	2055.22
826.814	2058.95
814.661	2062.68
802.141	2066.37
789.25	2069.94
775.984	2073.33
762.336	2076.46
748.302	2079.24
733.884	2081.59
719.088	2083.44
703.937	2084.7
688.464	2085.31
672.722	2085.23
656.781	2084.4
640.733	2082.81
624.687	2080.42
608.768	2077.23
593.113	2073.24
577.869	2068.46
563.183	2062.91
549.2	2056.63
536.059	2049.62
523.884	2041.94
512.786	2033.6
502.855	2024.64
494.163	2015.07
486.763	2004.9
480.689	1994.13
475.958	1982.71
472.572	1970.62
470.519	1957.79
469.778	1944.16
470.313	1929.66
472.082	1914.22
475.028	1897.78
479.084	1880.31
484.172	1861.79
490.197	1842.24
497.053	1821.71
504.625	1800.28
512.786	1778.05
521.404	1755.14
530.347	1731.71
539.483	1707.89
548.685	1683.85
557.837	1659.73
566.831	1635.67
575.572	1611.83
583.976	1588.33
591.973	1565.31
599.507	1542.87
606.531	1521.12
613.011	1500.14
618.923	1480.01
624.254	1460.77
628.995	1442.43
633.145	1425
636.706	1408.45
