683.282	1299.99
683.233	1295.45
682.834	1290.4
682.085	1284.69
680.98	1278.2
679.513	1270.8
677.675	1262.36
675.453	1252.77
672.833	1241.93
669.797	1229.76
666.327	1216.25
662.402	1201.38
658.003	1185.21
653.115	1167.83
647.731	1149.37
641.856	1130.01
635.518	1109.94
628.77	1089.42
621.699	1068.68
614.429	1047.99
607.123	1027.61
599.979	1007.79
593.223	988.752
587.103	970.713
581.871	953.847
577.775	938.295
575.042	924.162
573.872	911.516
574.427	900.39
576.832	890.789
581.169	882.694
587.482	876.066
595.777	870.854
606.023	866.997
618.154	864.424
632.068	863.057
647.627	862.809
664.659	863.584
682.961	865.272
702.303	867.758
722.435	870.915
743.096	874.611
764.025	878.714
784.97	883.095
805.699	887.632
826.002	892.214
845.701	896.747
864.648	901.151
882.72	905.36
899.825	909.328
915.89	913.017
930.864	916.403
944.714	919.472
957.425	922.217
969.001	924.639
979.462	926.744
988.85	928.541
997.223	930.042
1004.66	931.263
1011.24	932.219
1017.08	932.922
1022.28	933.385
1026.95	933.617
1031.21	933.624
1035.18	933.409
1038.97	932.973
1042.7	932.314
1046.47	931.43
1050.39	930.32
1054.56	928.987
1059.07	927.44
1064.01	925.695
1069.46	923.781
1075.52	921.744
1082.24	919.647
1089.7	917.576
1097.97	915.641
1107.1	913.98
1117.16	912.758
1128.21	912.162
1140.28	912.403
1153.42	913.707
1167.64	916.301
1182.92	920.41
1199.21	926.235
1216.39	933.946
1234.32	943.67
1252.78	955.477
1271.49	969.376
1290.15	985.315
1308.42	1003.18
1325.96	1022.8
1342.46	1043.96
1357.63	1066.41
1371.26	1089.89
1383.2	1114.13
1393.39	1138.86
1401.82	1163.84
1408.58	1188.85
1413.76	1213.72
1417.52	1238.31
1420.01	1262.53
1421.38	1286.33
1421.77	1309.71
1421.28	1332.72
1419.98	1355.43
1417.92	1377.98
1415.1	1400.51
1411.52	1423.2
1407.14	1446.24
1401.93	1469.86
1395.86	1494.25
1388.87	1519.62
1380.95	1546.16
1372.09	1574.01
1362.29	1603.29
1351.57	1634.06
1340	1666.34
1327.64	1700.07
1314.62	1735.12
1301.06	1771.29
1287.12	1808.31
1273	1845.84
1258.88	1883.5
1244.97	1920.85
1231.49	1957.45
1218.61	1992.85
1206.51	2026.62
1195.33	2058.41
1185.15	2087.89
1176.03	2114.83
1167.97	2139.11
1160.94	2160.67
1154.85	2179.55
1149.59	2195.85
1145.03	2209.74
1141	2221.44
1137.36	2231.17
1133.94	2239.17
1130.59	2245.67
1127.16	2250.88
1123.5	2255.01
1119.49	2258.21
1115.01	2260.64
1109.94	2262.41
1104.19	2263.63
1097.68	2264.38
1090.32	2264.74
1082.06	2264.75
1072.84	2264.46
1062.66	2263.93
1051.5	2263.18
1039.39	2262.23
1026.38	2261.11
1012.54	2259.83
997.947	2258.41
982.725	2256.84
966.989	2255.12
950.859	2253.26
934.454	2251.23
917.878	2249.04
901.215	2246.66
884.529	2244.07
867.854	2241.27
851.201	2238.23
834.56	2234.93
817.901	2231.37
801.184	2227.53
784.363	2223.41
767.392	2219.01
750.227	2214.32
732.831	2209.37
715.171	2204.16
697.223	2198.7
678.964	2193.01
660.38	2187.11
641.46	2181
622.2	2174.68
602.605	2168.16
582.697	2161.43
562.518	2154.48
542.131	2147.29
521.633	2139.83
501.15	2132.08
480.84	2123.98
460.89	2115.48
441.513	2106.52
422.941	2097.01
405.418	2086.85
389.193	2075.93
374.514	2064.12
361.62	2051.28
350.735	2037.23
342.064	2021.82
335.787	2004.87
332.05	1986.22
330.967	1965.73
332.605	1943.25
336.987	1918.72
344.077	1892.11
353.781	1863.44
365.94	1832.84
380.326	1800.53
396.648	1766.78
414.554	1732.01
433.648	1696.66
453.502	1661.26
473.68	1626.34
493.761	1592.46
513.362	1560.09
532.154	1529.68
549.878	1501.54
566.351	1475.89
581.462	1452.85
595.169	1432.4
607.485	1414.46
618.467	1398.87
628.2	1385.41
636.786	1373.85
644.331	1363.93
650.943	1355.43
656.719	1348.11
661.749	1341.76
666.111	1336.2
669.87	1331.28
673.082	1326.85
675.795	1322.79
678.046	1318.98
679.867	1315.31
681.284	1311.68
682.316	1307.99
682.978	1304.13
