679.268	1314
674.187	1283.04
668.155	1250.89
661.187	1217.53
653.316	1182.95
644.594	1147.21
635.098	1110.4
624.927	1072.7
614.207	1034.34
603.091	995.626
591.746	956.893
580.361	918.53
569.128	880.94
558.24	844.526
547.882	809.668
538.215	776.707
529.377	745.928
521.469	717.541
514.553	691.684
508.649	668.412
503.742	647.709
499.779	629.494
496.683	613.633
494.355	599.956
492.687	588.272
491.571	578.38
490.903	570.082
490.591	563.192
490.559	557.543
490.748	552.986
491.119	549.397
491.649	546.674
492.335	544.739
493.192	543.531
494.251	543.014
495.562	543.166
497.192	543.984
499.23	545.481
501.784	547.688
504.984	550.648
508.98	554.419
513.939	559.068
520.042	564.672
527.472	571.309
536.408	579.053
547.012	587.963
559.412	598.082
573.696	609.418
589.897	621.947
607.985	635.598
627.868	650.261
649.393	665.78
672.353	681.964
696.498	698.593
721.555	715.428
747.239	732.221
773.276	748.724
799.417	764.704
825.454	779.943
851.232	794.251
876.655	807.465
901.69	819.457
926.364	830.134
950.756	839.438
974.984	847.352
999.192	853.9
1023.53	859.148
1048.13	863.214
1073.1	866.261
1098.49	868.509
1124.33	870.233
1150.53	871.762
1177	873.477
1203.54	875.808
1229.93	879.215
1255.89	884.176
1281.11	891.164
1305.27	900.619
1328.05	912.916
1349.12	928.334
1368.2	947.032
1385.03	969.022
1399.4	994.163
1411.16	1022.16
1420.24	1052.58
1426.62	1084.88
1430.37	1118.44
1431.65	1152.6
1430.65	1186.72
1427.63	1220.19
1422.91	1252.49
1416.8	1283.18
1409.62	1311.95
1401.69	1338.58
1393.27	1362.96
1384.63	1385.08
1375.96	1404.99
1367.43	1422.83
1359.15	1438.75
1351.22	1452.95
1343.69	1465.64
1336.59	1477.03
1329.93	1487.33
1323.7	1496.76
1317.87	1505.51
1312.41	1513.79
1307.27	1521.77
1302.39	1529.62
1297.71	1537.49
1293.18	1545.53
1288.73	1553.83
1284.31	1562.5
1279.87	1571.61
1275.37	1581.2
1270.8	1591.29
1266.15	1601.87
1261.41	1612.93
1256.61	1624.41
1251.75	1636.28
1246.88	1648.47
1242.01	1660.94
1237.16	1673.65
1232.36	1686.57
1227.59	1699.7
1222.86	1713.05
1218.13	1726.65
1213.35	1740.53
1208.44	1754.76
1203.31	1769.39
1197.84	1784.48
1191.92	1800.08
1185.39	1816.22
1178.09	1832.9
1169.89	1850.11
1160.62	1867.78
1150.16	1885.83
1138.38	1904.16
1125.2	1922.63
1110.56	1941.08
1094.46	1959.36
1076.92	1977.31
1058.03	1994.78
1037.89	2011.61
1016.68	2027.69
994.587	2042.88
971.833	2057.1
948.652	2070.26
925.275	2082.29
901.925	2093.14
878.799	2102.77
856.066	2111.15
833.86	2118.29
812.277	2124.18
791.375	2128.87
771.183	2132.39
751.699	2134.83
732.902	2136.26
714.754	2136.79
697.208	2136.53
680.212	2135.61
663.712	2134.15
647.661	2132.26
632.016	2130.05
616.743	2127.62
601.82	2125.06
587.233	2122.42
572.977	2119.74
559.054	2117.06
545.472	2114.37
532.237	2111.68
519.36	2108.96
506.848	2106.19
494.712	2103.32
482.966	2100.33
471.63	2097.16
460.736	2093.77
450.327	2090.14
440.457	2086.23
431.192	2082.02
422.599	2077.48
414.747	2072.62
407.7	2067.43
401.511	2061.92
396.22	2056.09
391.858	2049.95
388.441	2043.53
385.982	2036.81
384.489	2029.81
383.977	2022.5
384.464	2014.87
385.977	2006.89
388.552	1998.51
392.229	1989.68
397.046	1980.34
403.033	1970.45
410.202	1959.95
418.544	1948.81
428.015	1937.01
438.543	1924.57
450.018	1911.52
462.3	1897.9
475.226	1883.8
488.614	1869.32
502.272	1854.56
516.014	1839.65
529.659	1824.7
543.049	1809.82
556.051	1795.09
568.558	1780.59
580.495	1766.35
591.817	1752.36
602.502	1738.59
612.548	1724.98
621.967	1711.41
630.78	1697.76
639.007	1683.87
646.666	1669.59
653.769	1654.74
660.318	1639.18
666.306	1622.75
671.715	1605.35
676.52	1586.88
680.687	1567.31
684.179	1546.61
686.958	1524.8
688.982	1501.92
690.215	1478
690.62	1453.1
690.167	1427.23
688.828	1400.42
686.577	1372.64
683.395	1343.85
