787.517	1300.16
774.675	1287.98
760.389	1274.22
744.653	1258.61
727.471	1240.89
708.864	1220.85
688.881	1198.34
667.609	1173.3
645.18	1145.78
621.771	1115.95
597.608	1084.11
572.956	1050.67
548.107	1016.12
523.369	981.029
499.05	945.964
475.44	911.497
452.808	878.149
431.383	846.378
411.358	816.554
392.878	788.956
376.049	763.771
360.933	741.092
347.555	720.934
335.912	703.241
325.972	687.901
317.688	674.759
311.005	663.634
305.867	654.33
302.224	646.651
300.044	640.406
299.317	635.419
300.06	631.535
302.327	628.618
306.204	626.557
311.818	625.262
319.334	624.663
328.956	624.71
340.922	625.366
355.502	626.61
372.989	628.43
393.69	630.825
417.908	633.798
445.93	637.36
477.997	641.52
514.286	646.289
554.879	651.67
599.737	657.656
648.686	664.228
701.399	671.349
757.396	678.964
816.053	687.004
876.621	695.391
938.258	704.043
1000.06	712.89
1061.13	721.88
1120.57	730.992
1177.58	740.241
1231.44	749.687
1281.6	759.43
1327.61	769.612
1369.23	780.409
1406.33	792.019
1438.93	804.66
1467.18	818.548
1491.29	833.893
1511.56	850.877
1528.3	869.647
1541.86	890.299
1552.56	912.863
1560.7	937.298
1566.58	963.483
1570.43	991.216
1572.48	1020.22
1572.92	1050.16
1571.91	1080.63
1569.61	1111.23
1566.18	1141.52
1561.76	1171.1
1556.51	1199.59
1550.59	1226.67
1544.16	1252.06
1537.4	1275.58
1530.47	1297.09
1523.55	1316.54
1516.77	1333.93
1510.27	1349.32
1504.15	1362.81
1498.49	1374.56
1493.35	1384.74
1488.73	1393.54
1484.62	1401.17
1481	1407.84
1477.82	1413.76
1475.01	1419.13
1472.51	1424.15
1470.24	1429
1468.14	1433.86
1466.11	1438.88
1464.09	1444.2
1462	1449.97
1459.76	1456.3
1457.28	1463.28
1454.48	1471.02
1451.27	1479.56
1447.57	1488.96
1443.29	1499.25
1438.33	1510.44
1432.62	1522.53
1426.08	1535.5
1418.66	1549.29
1410.32	1563.84
1401.05	1579.07
1390.87	1594.85
1379.85	1611.04
1368.09	1627.47
1355.72	1643.94
1342.93	1660.26
1329.9	1676.2
1316.84	1691.58
1303.96	1706.2
1291.44	1719.95
1279.44	1732.73
1268.09	1744.49
1257.48	1755.27
1247.64	1765.11
1238.59	1774.14
1230.27	1782.48
1222.63	1790.3
1215.56	1797.77
1208.93	1805.09
1202.6	1812.42
1196.39	1819.96
1190.12	1827.87
1183.58	1836.31
1176.56	1845.44
1168.86	1855.36
1160.26	1866.21
1150.54	1878.04
1139.55	1890.92
1127.12	1904.84
1113.15	1919.77
1097.6	1935.61
1080.51	1952.21
1061.96	1969.4
1042.13	1986.94
1021.27	2004.58
999.686	2022.06
977.701	2039.1
955.662	2055.46
933.898	2070.93
912.695	2085.32
892.278	2098.49
872.804	2110.34
854.349	2120.82
836.92	2129.88
820.459	2137.53
804.86	2143.77
789.985	2148.64
775.678	2152.18
761.779	2154.42
748.139	2155.42
734.629	2155.22
721.145	2153.85
707.615	2151.35
694	2147.76
680.297	2143.09
666.537	2137.34
652.781	2130.54
639.118	2122.66
625.662	2113.71
612.542	2103.68
599.901	2092.55
587.89	2080.32
576.663	2066.99
566.372	2052.58
557.167	2037.13
549.187	2020.68
542.556	2003.32
537.377	1985.14
533.725	1966.27
531.643	1946.86
531.135	1927.07
532.17	1907.08
534.673	1887.06
538.536	1867.21
543.616	1847.7
549.745	1828.7
556.735	1810.36
564.385	1792.81
572.492	1776.16
580.86	1760.49
589.31	1745.84
597.689	1732.23
605.879	1719.63
613.803	1707.98
621.423	1697.19
628.748	1687.14
635.818	1677.68
642.709	1668.65
649.514	1659.86
656.342	1651.14
663.305	1642.3
670.508	1633.16
678.046	1623.58
685.994	1613.43
694.401	1602.61
703.29	1591.06
712.651	1578.79
722.445	1565.82
732.602	1552.24
743.023	1538.17
753.589	1523.79
764.159	1509.26
774.582	1494.77
784.699	1480.52
794.352	1466.66
803.385	1453.34
811.652	1440.65
819.019	1428.65
825.366	1417.38
830.591	1406.82
834.604	1396.93
837.335	1387.64
838.728	1378.87
838.74	1370.5
837.344	1362.42
834.522	1354.48
830.266	1346.54
824.576	1338.42
817.453	1329.94
808.902	1320.89
798.924	1311.04
