744.89	1162.07
742.868	1154.02
740.797	1146.26
738.618	1138.73
736.267	1131.38
733.673	1124.12
730.758	1116.83
727.437	1109.38
723.621	1101.63
719.219	1093.42
714.141	1084.58
708.308	1074.98
701.653	1064.49
694.135	1053
685.742	1040.45
676.501	1026.83
666.479	1012.15
655.788	996.475
644.583	979.919
633.055	962.61
621.424	944.702
609.926	926.358
598.807	907.747
588.306	889.029
578.651	870.364
570.052	851.902
562.695	833.79
556.745	816.177
552.347	799.215
549.627	783.063
548.694	767.885
549.645	753.854
552.558	741.14
557.495	729.908
564.5	720.309
573.592	712.47
584.767	706.489
597.992	702.429
613.208	700.31
630.328	700.112
649.242	701.774
669.813	705.194
691.882	710.237
715.268	716.734
739.766	724.495
765.15	733.306
791.178	742.942
817.587	753.165
844.112	763.734
870.487	774.406
896.464	784.942
921.827	795.114
946.404	804.71
970.079	813.543
992.801	821.453
1014.58	828.311
1035.49	834.024
1055.65	838.532
1075.2	841.807
1094.31	843.849
1113.14	844.681
1131.81	844.353
1150.45	842.93
1169.12	840.499
1187.86	837.162
1206.64	833.041
1225.43	828.272
1244.13	823.006
1262.64	817.41
1280.83	811.665
1298.53	805.964
1315.59	800.513
1331.84	795.532
1347.15	791.255
1361.36	787.933
1374.37	785.833
1386.11	785.241
1396.52	786.461
1405.61	789.815
1413.41	795.63
1419.99	804.234
1425.45	815.937
1429.91	831.013
1433.5	849.683
1436.36	872.09
1438.64	898.285
1440.44	928.216
1441.87	961.721
1442.99	998.529
1443.85	1038.27
1444.44	1080.49
1444.71	1124.67
1444.58	1170.25
1443.95	1216.66
1442.69	1263.34
1440.69	1309.77
1437.83	1355.49
1434.02	1400.11
1429.18	1443.28
1423.31	1484.78
1416.4	1524.42
1408.51	1562.06
1399.74	1597.64
1390.21	1631.11
1380.07	1662.44
1369.5	1691.64
1358.67	1718.7
1347.78	1743.66
1336.99	1766.53
1326.46	1787.37
1316.33	1806.23
1306.69	1823.2
1297.62	1838.38
1289.14	1851.89
1281.26	1863.88
1273.93	1874.51
1267.1	1883.94
1260.69	1892.36
1254.61	1899.94
1248.74	1906.86
1242.99	1913.28
1237.25	1919.36
1231.43	1925.25
1225.44	1931.08
1219.22	1936.96
1212.69	1942.99
1205.81	1949.26
1198.55	1955.81
1190.89	1962.69
1182.82	1969.91
1174.35	1977.47
1165.5	1985.31
1156.31	1993.39
1146.82	2001.61
1137.1	2009.89
1127.2	2018.12
1117.18	2026.21
1107.1	2034.07
1097.01	2041.63
1086.95	2048.83
1076.94	2055.65
1066.97	2062.1
1057.04	2068.19
1047.12	2073.95
1037.15	2079.44
1027.08	2084.69
1016.85	2089.76
1006.41	2094.67
995.704	2099.44
984.697	2104.06
973.363	2108.51
961.681	2112.73
949.64	2116.67
937.225	2120.24
924.42	2123.34
911.201	2125.87
897.534	2127.75
883.374	2128.89
868.67	2129.2
853.369	2128.65
837.422	2127.18
820.794	2124.8
803.474	2121.51
785.484	2117.32
766.888	2112.29
747.798	2106.45
728.38	2099.85
708.85	2092.57
689.472	2084.64
670.547	2076.13
652.405	2067.09
635.385	2057.58
619.82	2047.64
606.019	2037.34
594.255	2026.69
584.748	2015.76
577.659	2004.55
573.087	1993.09
571.066	1981.37
571.576	1969.39
574.539	1957.13
579.833	1944.56
587.293	1931.66
596.716	1918.42
607.866	1904.85
620.472	1890.96
634.237	1876.81
648.842	1862.47
663.949	1848.01
679.222	1833.53
694.335	1819.11
708.993	1804.8
722.944	1790.64
735.992	1776.6
748.006	1762.63
758.914	1748.6
768.7	1734.39
777.394	1719.83
785.057	1704.72
791.767	1688.89
797.606	1672.2
802.651	1654.5
806.966	1635.74
810.597	1615.9
813.569	1595.02
815.892	1573.23
817.563	1550.71
818.57	1527.68
818.899	1504.43
818.539	1481.24
817.492	1458.39
815.772	1436.14
813.411	1414.72
810.462	1394.3
806.994	1375
803.095	1356.86
798.865	1339.89
794.412	1324.06
789.845	1309.28
785.269	1295.46
780.779	1282.48
776.453	1270.24
772.351	1258.61
768.516	1247.49
764.967	1236.81
761.708	1226.48
758.727	1216.45
756	1206.7
753.495	1197.22
751.174	1188
748.995	1179.06
746.916	1170.42
