624.898	1370.14
614.724	1330.23
603.891	1288.37
592.4	1244.92
580.294	1200.3
567.666	1155.05
554.665	1109.75
541.495	1065.05
528.402	1021.59
515.667	980.014
503.578	940.889
492.416	904.696
482.427	871.797
473.814	842.42
466.719	816.655
461.219	794.462
457.331	775.69
455.021	760.102
454.209	747.407
454.793	737.278
456.658	729.388
459.691	723.422
463.798	719.094
468.915	716.16
475.013	714.42
482.112	713.723
490.28	713.969
499.635	715.102
510.338	717.109
522.586	720.013
536.595	723.863
552.583	728.725
570.743	734.667
591.224	741.749
614.11	750.003
639.402	759.428
667.017	769.978
696.787	781.56
728.472	794.034
761.778	807.219
796.384	820.904
831.955	834.854
868.168	848.824
904.724	862.568
941.353	875.845
977.822	888.427
1013.93	900.104
1049.5	910.683
1084.4	919.998
1118.5	927.908
1151.69	934.304
1183.9	939.113
1215.04	942.299
1245.04	943.872
1273.85	943.886
1301.43	942.448
1327.74	939.71
1352.76	935.878
1376.47	931.2
1398.86	925.967
1419.95	920.502
1439.72	915.154
1458.19	910.284
1475.35	906.259
1491.2	903.432
1505.75	902.142
1518.99	902.691
1530.93	905.344
1541.6	910.319
1551.02	917.777
1559.22	927.823
1566.25	940.498
1572.16	955.779
1576.97	973.578
1580.72	993.744
1583.43	1016.07
1585.08	1040.28
1585.68	1066.07
1585.22	1093.1
1583.7	1120.99
1581.13	1149.36
1577.56	1177.84
1573.04	1206.03
1567.69	1233.6
1561.64	1260.23
1555.07	1285.63
1548.15	1309.59
1541.1	1331.95
1534.08	1352.62
1527.29	1371.57
1520.85	1388.87
1514.88	1404.6
1509.45	1418.92
1504.6	1432.01
1500.34	1444.06
1496.64	1455.26
1493.48	1465.77
1490.81	1475.76
1488.57	1485.34
1486.73	1494.61
1485.2	1503.63
1483.95	1512.45
1482.89	1521.1
1481.98	1529.59
1481.12	1537.95
1480.26	1546.19
1479.29	1554.34
1478.13	1562.44
1476.65	1570.57
1474.73	1578.82
1472.23	1587.34
1468.98	1596.31
1464.82	1605.95
1459.57	1616.52
1453.06	1628.32
1445.16	1641.64
1435.76	1656.78
1424.78	1673.98
1412.22	1693.42
1398.15	1715.2
1382.68	1739.29
1365.97	1765.55
1348.25	1793.72
1329.73	1823.44
1310.63	1854.24
1291.18	1885.61
1271.53	1917.04
1251.82	1947.98
1232.13	1977.96
1212.48	2006.57
1192.87	2033.46
1173.28	2058.4
1153.64	2081.22
1133.92	2101.87
1114.08	2120.34
1094.13	2136.71
1074.1	2151.09
1054.03	2163.61
1034.02	2174.43
1014.16	2183.71
994.55	2191.59
975.283	2198.21
956.438	2203.68
938.073	2208.09
920.223	2211.51
902.899	2213.98
886.089	2215.55
869.762	2216.22
853.87	2216.01
838.354	2214.92
823.145	2212.97
808.168	2210.19
793.349	2206.59
778.612	2202.24
763.89	2197.2
749.119	2191.58
734.247	2185.47
719.229	2179
704.035	2172.3
688.646	2165.5
673.057	2158.71
657.28	2152.03
641.345	2145.53
625.296	2139.26
609.2	2133.23
593.135	2127.44
577.191	2121.85
561.467	2116.39
546.061	2111
531.067	2105.57
516.574	2100.01
502.667	2094.23
489.428	2088.14
476.945	2081.66
465.319	2074.7
454.668	2067.22
445.128	2059.18
436.855	2050.53
430.008	2041.29
424.743	2031.45
421.2	2021.04
419.485	2010.07
419.667	1998.59
421.77	1986.64
425.777	1974.24
431.635	1961.43
439.26	1948.25
448.545	1934.73
459.367	1920.92
471.586	1906.85
485.051	1892.6
499.595	1878.23
515.036	1863.86
531.176	1849.6
547.805	1835.58
564.697	1821.97
581.621	1808.92
598.341	1796.6
614.63	1785.14
630.271	1774.67
645.072	1765.29
658.867	1757.03
671.526	1749.9
682.956	1743.85
693.103	1738.8
701.945	1734.62
709.492	1731.15
715.776	1728.22
720.844	1725.66
724.756	1723.28
727.576	1720.91
729.369	1718.38
730.203	1715.54
730.145	1712.24
729.259	1708.33
727.612	1703.67
725.268	1698.11
722.288	1691.5
718.731	1683.69
714.651	1674.51
710.096	1663.82
705.108	1651.44
699.721	1637.24
693.96	1621.06
687.843	1602.77
681.379	1582.25
674.567	1559.39
667.394	1534.11
659.837	1506.33
651.859	1476.02
643.413	1443.18
634.445	1407.85
