730.317	1133.09
730.189	1116.8
730.016	1100.5
729.77	1084.32
729.422	1068.41
728.939	1052.91
728.282	1037.94
727.409	1023.62
726.269	1010.02
724.804	997.195
722.948	985.148
720.629	973.854
717.765	963.252
714.273	953.251
710.063	943.734
705.052	934.564
699.162	925.594
692.327	916.67
684.503	907.638
675.674	898.356
665.855	888.698
655.102	878.561
643.512	867.877
631.231	856.615
618.443	844.789
605.374	832.462
592.277	819.741
579.423	806.776
567.087	793.746
555.528	780.852
544.981	768.299
535.643	756.284
527.671	744.983
521.176	734.541
516.239	725.065
512.914	716.63
511.252	709.274
511.308	703.011
513.168	697.837
516.954	693.74
522.841	690.711
531.056	688.744
541.879	687.838
555.635	687.993
572.673	689.2
593.345	691.427
617.981	694.609
646.852	698.638
680.15	703.356
717.952	708.566
760.206	714.046
806.71	719.573
857.115	724.953
910.916	730.05
967.468	734.812
1026	739.291
1085.64	743.645
1145.46	748.132
1204.51	753.094
1261.88	758.924
1316.75	766.033
1368.43	774.815
1416.4	785.612
1460.31	798.685
1500	814.199
1535.44	832.208
1566.72	852.656
1594.04	875.378
1617.58	900.113
1637.58	926.513
1654.23	954.164
1667.69	982.601
1678.09	1011.34
1685.52	1039.87
1690.04	1067.75
1691.71	1094.53
1690.6	1119.87
1686.77	1143.49
1680.35	1165.24
1671.5	1185.05
1660.43	1202.96
1647.39	1219.09
1632.69	1233.62
1616.67	1246.79
1599.71	1258.83
1582.2	1269.98
1564.53	1280.45
1547.1	1290.42
1530.27	1300.04
1514.37	1309.43
1499.66	1318.68
1486.38	1327.87
1474.66	1337.07
1464.6	1346.32
1456.18	1355.67
1449.38	1365.18
1444.07	1374.87
1440.12	1384.77
1437.35	1394.91
1435.57	1405.3
1434.58	1415.96
1434.21	1426.92
1434.27	1438.19
1434.6	1449.8
1435.05	1461.8
1435.5	1474.23
1435.84	1487.13
1435.97	1500.53
1435.79	1514.46
1435.23	1528.9
1434.22	1543.85
1432.68	1559.24
1430.53	1575.01
1427.72	1591.07
1424.17	1607.34
1419.84	1623.72
1414.69	1640.13
1408.69	1656.49
1401.84	1672.74
1394.16	1688.85
1385.68	1704.77
1376.47	1720.48
1366.58	1735.96
1356.1	1751.19
1345.11	1766.13
1333.69	1780.77
1321.91	1795.08
1309.81	1809.05
1297.41	1822.67
1284.69	1835.96
1271.59	1848.96
1258.02	1861.73
1243.85	1874.37
1228.89	1887.01
1212.96	1899.77
1195.88	1912.78
1177.47	1926.17
1157.61	1940.03
1136.24	1954.39
1113.37	1969.25
1089.09	1984.54
1063.58	2000.13
1037.1	2015.84
1009.95	2031.44
982.443	2046.71
954.91	2061.39
927.631	2075.27
900.836	2088.16
874.69	2099.91
849.296	2110.4
824.697	2119.57
800.895	2127.4
777.863	2133.9
755.564	2139.12
733.963	2143.11
713.039	2145.98
692.794	2147.82
673.253	2148.74
654.465	2148.86
636.496	2148.31
619.423	2147.19
603.325	2145.63
588.268	2143.72
574.297	2141.55
561.432	2139.18
549.657	2136.68
538.928	2134.06
529.172	2131.35
520.294	2128.53
512.189	2125.57
504.749	2122.41
497.872	2119.01
491.478	2115.27
485.51	2111.11
479.948	2106.43
474.809	2101.14
470.156	2095.14
466.094	2088.31
462.769	2080.56
460.363	2071.81
459.082	2061.98
459.149	2050.99
460.784	2038.8
464.191	2025.37
469.537	2010.69
476.936	1994.78
486.43	1977.7
497.978	1959.55
511.45	1940.46
526.626	1920.59
543.211	1900.15
560.843	1879.32
579.121	1858.3
597.63	1837.29
615.961	1816.41
633.737	1795.77
650.631	1775.41
666.379	1755.33
680.789	1735.46
693.74	1715.7
705.179	1695.91
715.113	1675.95
723.595	1655.68
730.714	1634.96
736.579	1613.7
741.306	1591.87
745.009	1569.51
747.791	1546.7
749.745	1523.62
750.951	1500.51
751.482	1477.64
751.41	1455.3
750.811	1433.74
749.767	1413.22
748.369	1393.88
746.714	1375.8
744.899	1358.99
743.016	1343.35
741.147	1328.75
739.362	1314.99
737.711	1301.85
736.229	1289.1
734.937	1276.51
733.841	1263.89
732.936	1251.07
732.212	1237.9
731.649	1224.31
731.227	1210.23
730.92	1195.65
730.702	1180.59
730.547	1165.08
730.428	1149.22
