771.085	1170.58
768.107	1156.71
764.934	1142.75
761.559	1128.74
757.953	1114.65
754.062	1100.43
749.805	1085.98
745.083	1071.15
739.778	1055.79
733.759	1039.72
726.888	1022.79
719.029	1004.85
710.06	985.775
699.889	965.482
688.463	943.931
675.794	921.137
661.964	897.173
647.139	872.18
631.566	846.37
615.568	820.021
599.526	793.471
583.852	767.097
568.961	741.301
555.239	716.477
543.015	692.992
532.541	671.155
523.985	651.21
517.43	633.319
512.887	617.563
510.316	603.953
509.653	592.439
510.836	582.928
513.831	575.305
518.656	569.443
525.39	565.224
534.191	562.541
545.286	561.311
558.973	561.473
575.599	562.983
595.545	565.811
619.188	569.928
646.868	575.303
678.837	581.882
715.216	589.589
755.948	598.31
800.762	607.895
849.159	618.155
900.423	628.872
953.661	639.81
1007.87	650.73
1062.02	661.412
1115.14	671.669
1166.37	681.371
1215.05	690.446
1260.71	698.89
1303.06	706.762
1342.01	714.178
1377.59	721.304
1409.94	728.339
1439.29	735.511
1465.91	743.064
1490.11	751.25
1512.21	760.32
1532.54	770.511
1551.44	782.039
1569.19	795.081
1586.06	809.759
1602.25	826.129
1617.92	844.169
1633.13	863.772
1647.91	884.75
1662.21	906.845
1675.94	929.749
1689	953.124
1701.25	976.636
1712.56	999.971
1722.79	1022.86
1731.83	1045.08
1739.56	1066.48
1745.83	1086.99
1750.52	1106.56
1753.48	1125.23
1754.53	1143.1
1753.48	1160.3
1750.13	1177
1744.26	1193.39
1735.69	1209.71
1724.28	1226.15
1709.97	1242.93
1692.8	1260.22
1672.93	1278.15
1650.62	1296.79
1626.29	1316.16
1600.41	1336.22
1573.53	1356.89
1546.21	1378.06
1518.99	1399.59
1492.36	1421.38
1466.73	1443.3
1442.43	1465.31
1419.7	1487.34
1398.66	1509.41
1379.41	1531.53
1361.92	1553.72
1346.15	1576.04
1331.98	1598.48
1319.29	1621.04
1307.92	1643.67
1297.71	1666.3
1288.5	1688.78
1280.14	1710.97
1272.5	1732.67
1265.44	1753.69
1258.84	1773.83
1252.61	1792.94
1246.63	1810.89
1240.79	1827.63
1234.97	1843.15
1229.05	1857.5
1222.87	1870.8
1216.29	1883.17
1209.18	1894.77
1201.39	1905.75
1192.78	1916.25
1183.26	1926.36
1172.73	1936.14
1161.12	1945.62
1148.42	1954.78
1134.6	1963.56
1119.69	1971.92
1103.72	1979.76
1086.75	1987.04
1068.83	1993.68
1050.05	1999.67
1030.48	2004.98
1010.24	2009.62
989.419	2013.63
968.164	2017.06
946.618	2019.97
924.94	2022.45
903.288	2024.58
881.807	2026.45
860.61	2028.15
839.767	2029.75
819.285	2031.32
799.103	2032.91
779.097	2034.56
759.079	2036.31
738.82	2038.17
718.063	2040.16
696.556	2042.29
674.068	2044.56
650.42	2046.94
625.496	2049.43
599.263	2051.97
571.77	2054.52
543.148	2057.02
513.598	2059.41
483.382	2061.63
452.805	2063.61
422.206	2065.31
391.94	2066.71
362.368	2067.76
333.848	2068.48
306.719	2068.84
281.294	2068.87
257.846	2068.57
236.598	2067.95
217.72	2066.99
201.327	2065.68
187.48	2063.99
176.195	2061.85
167.459	2059.2
161.238	2055.92
157.498	2051.89
156.213	2046.96
157.375	2040.94
160.999	2033.65
167.12	2024.86
175.79	2014.35
187.061	2001.9
200.977	1987.33
217.548	1970.46
236.735	1951.19
258.427	1929.52
282.428	1905.51
308.44	1879.35
336.071	1851.34
364.84	1821.86
394.212	1791.34
423.628	1760.26
452.549	1729.06
480.499	1698.15
507.09	1667.85
532.045	1638.39
555.196	1609.95
576.475	1582.61
595.895	1556.44
613.526	1531.48
629.476	1507.79
643.871	1485.42
656.842	1464.45
668.519	1444.96
679.026	1427.02
688.483	1410.68
697.004	1395.98
704.697	1382.88
711.672	1371.35
718.038	1361.26
723.899	1352.5
729.359	1344.9
734.513	1338.28
739.446	1332.47
744.222	1327.27
748.887	1322.51
753.458	1318.02
757.924	1313.63
762.248	1309.19
766.365	1304.54
770.196	1299.54
773.65	1294.07
776.635	1288.01
779.069	1281.24
780.888	1273.7
782.051	1265.3
782.546	1256.02
782.39	1245.87
781.625	1234.88
780.312	1223.11
778.526	1210.67
776.346	1197.68
773.845	1184.27
