524.446	1886.75
521.269	1882.07
518.822	1877.29
517.061	1872.33
515.943	1867.13
515.427	1861.66
515.468	1855.84
516.024	1849.64
517.052	1842.99
518.508	1835.86
520.345	1828.19
522.518	1819.92
524.977	1811.01
527.673	1801.4
530.554	1791.01
533.565	1779.8
536.651	1767.69
539.756	1754.61
542.821	1740.49
545.788	1725.24
548.601	1708.8
551.204	1691.11
553.545	1672.1
555.578	1651.71
557.262	1629.93
558.565	1606.74
559.463	1582.13
559.945	1556.13
560.011	1528.81
559.673	1500.24
558.957	1470.53
557.899	1439.8
556.548	1408.2
554.963	1375.9
553.209	1343.07
551.358	1309.89
549.487	1276.55
547.673	1243.23
545.992	1210.1
544.521	1177.33
543.331	1145.06
542.489	1113.44
542.058	1082.59
542.092	1052.61
542.64	1023.59
543.745	995.605
545.441	968.728
547.754	943.008
550.703	918.487
554.298	895.196
558.54	873.157
563.42	852.385
568.921	832.884
575.018	814.652
581.673	797.68
588.843	781.948
596.476	767.434
604.513	754.105
612.89	741.925
621.538	730.853
630.387	720.841
639.366	711.842
648.404	703.803
657.431	696.673
666.385	690.402
675.206	684.938
683.842	680.235
692.247	676.249
700.385	672.943
708.228	670.283
715.755	668.241
722.958	666.796
729.834	665.931
736.39	665.637
742.642	665.911
748.614	666.752
754.335	668.167
759.843	670.167
765.182	672.764
770.401	675.977
775.554	679.824
780.7	684.328
785.902	689.511
791.227	695.398
796.745	702.013
802.529	709.383
808.653	717.533
815.195	726.488
822.23	736.275
829.836	746.918
838.084	758.441
847.046	770.868
856.785	784.219
867.356	798.514
878.804	813.767
891.158	829.991
904.431	847.192
918.618	865.371
933.69	884.521
949.596	904.626
966.262	925.661
983.589	947.589
1001.46	970.36
1019.72	993.911
1038.24	1018.17
1056.82	1043.03
1075.31	1068.4
1093.53	1094.15
1111.3	1120.15
1128.49	1146.26
1144.94	1172.33
1160.54	1198.19
1175.19	1223.7
1188.85	1248.7
1201.46	1273.07
1213.01	1296.66
1223.53	1319.38
1233.04	1341.13
1241.59	1361.87
1249.26	1381.54
1256.11	1400.14
1262.23	1417.68
1267.7	1434.19
1272.59	1449.72
1276.98	1464.33
1280.93	1478.11
1284.52	1491.12
1287.78	1503.47
1290.75	1515.24
1293.48	1526.51
1295.98	1537.36
1298.28	1547.89
1300.36	1558.15
1302.25	1568.21
1303.94	1578.13
1305.4	1587.96
1306.65	1597.74
1307.65	1607.51
1308.39	1617.3
1308.87	1627.14
1309.05	1637.05
1308.95	1647.04
1308.53	1657.12
1307.81	1667.3
1306.77	1677.57
1305.43	1687.95
1303.79	1698.41
1301.87	1708.95
1299.69	1719.55
1297.27	1730.18
1294.63	1740.84
1291.81	1751.48
1288.84	1762.08
1285.75	1772.62
1282.57	1783.06
1279.33	1793.37
1276.07	1803.53
1272.8	1813.52
1269.55	1823.32
1266.33	1832.93
1263.16	1842.34
1260.03	1851.56
1256.95	1860.61
1253.92	1869.49
1250.92	1878.25
1247.95	1886.91
1244.99	1895.51
1242.03	1904.09
1239.03	1912.69
1235.99	1921.35
1232.88	1930.1
1229.69	1938.97
1226.39	1948
1222.96	1957.19
1219.38	1966.55
1215.65	1976.09
1211.73	1985.77
1207.62	1995.58
1203.3	2005.49
1198.75	2015.45
1193.96	2025.4
1188.91	2035.3
1183.58	2045.06
1177.95	2054.62
1172.01	2063.91
1165.72	2072.85
1159.06	2081.37
1152	2089.4
1144.51	2096.87
1136.57	2103.71
1128.12	2109.85
1119.14	2115.24
1109.6	2119.82
1099.45	2123.55
1088.65	2126.38
1077.19	2128.28
1065.02	2129.21
1052.11	2129.17
1038.46	2128.13
1024.04	2126.1
1008.85	2123.09
992.896	2119.11
976.188	2114.21
958.755	2108.43
940.638	2101.82
921.889	2094.45
902.576	2086.41
882.781	2077.77
862.596	2068.64
842.13	2059.1
821.497	2049.28
800.821	2039.26
780.233	2029.16
759.863	2019.06
739.841	2009.06
720.294	1999.24
701.34	1989.68
683.088	1980.44
665.632	1971.56
649.055	1963.09
633.422	1955.05
618.782	1947.46
605.17	1940.31
592.606	1933.59
581.093	1927.29
570.627	1921.38
561.19	1915.81
552.758	1910.54
545.3	1905.52
538.779	1900.69
533.158	1895.99
528.394	1891.37
