654.266	890.932
641.907	870.921
629.274	851.303
616.613	832.36
604.172	814.34
592.184	797.444
580.856	781.821
570.353	767.558
560.793	754.681
552.243	743.16
544.719	732.915
538.193	723.826
532.604	715.739
527.861	708.481
523.862	701.868
520.497	695.711
517.661	689.829
515.256	684.051
513.195	678.224
511.408	672.219
509.841	665.936
508.454	659.304
507.226	652.292
506.148	644.906
505.227	637.187
504.483	629.214
503.95	621.094
503.672	612.958
503.709	604.949
504.139	597.218
505.059	589.916
506.59	583.189
508.884	577.175
512.124	572.009
516.527	567.823
522.343	564.753
529.848	562.941
539.327	562.536
551.058	563.693
565.286	566.56
582.198	571.265
601.894	577.902
624.374	586.51
649.53	597.058
677.143	609.437
706.903	623.452
738.422	638.829
771.263	655.226
804.962	672.25
839.05	689.482
873.079	706.502
906.637	722.921
939.369	738.404
970.988	752.692
1001.28	765.613
1030.1	777.094
1057.39	787.154
1083.11	795.895
1107.28	803.492
1129.95	810.171
1151.16	816.195
1170.96	821.845
1189.4	827.404
1206.54	833.147
1222.42	839.324
1237.11	846.158
1250.66	853.839
1263.16	862.518
1274.65	872.315
1285.2	883.313
1294.82	895.568
1303.49	909.108
1311.16	923.933
1317.75	940.015
1323.14	957.29
1327.23	975.645
1329.95	994.915
1331.28	1014.87
1331.25	1035.21
1329.98	1055.6
1327.66	1075.64
1324.55	1094.96
1320.9	1113.23
1316.99	1130.18
1313.05	1145.68
1309.27	1159.69
1305.77	1172.3
1302.63	1183.7
1299.86	1194.18
1297.42	1204.04
1295.26	1213.65
1293.3	1223.34
1291.44	1233.48
1289.59	1244.4
1287.62	1256.38
1285.43	1269.71
1282.9	1284.6
1279.93	1301.24
1276.41	1319.77
1272.23	1340.28
1267.33	1362.82
1261.6	1387.36
1255.01	1413.84
1247.5	1442.15
1239.05	1472.11
1229.65	1503.5
1219.31	1536.03
1208.08	1569.4
1196.01	1603.28
1183.17	1637.32
1169.62	1671.2
1155.44	1704.61
1140.7	1737.3
1125.47	1769.02
1109.79	1799.57
1093.74	1828.77
1077.38	1856.46
1060.79	1882.46
1044.02	1906.66
1027.16	1928.92
1010.28	1949.17
993.46	1967.36
976.758	1983.49
960.249	1997.62
944.008	2009.85
928.112	2020.34
912.649	2029.26
897.712	2036.81
883.398	2043.22
869.807	2048.68
857.033	2053.4
845.16	2057.58
834.255	2061.38
824.364	2064.97
815.506	2068.5
807.675	2072.1
800.844	2075.89
794.964	2079.99
789.976	2084.46
785.812	2089.38
782.4	2094.78
779.666	2100.66
777.536	2106.98
775.934	2113.69
774.781	2120.71
773.997	2127.92
773.495	2135.2
773.188	2142.42
772.984	2149.45
772.787	2156.14
772.496	2162.37
772	2168.02
771.176	2172.98
769.887	2177.14
767.973	2180.4
765.25	2182.69
761.51	2183.92
756.523	2184.05
750.04	2183.03
741.814	2180.82
731.608	2177.42
719.228	2172.84
704.54	2167.11
687.501	2160.31
668.177	2152.52
646.749	2143.89
623.518	2134.56
598.88	2124.74
573.305	2114.62
547.294	2104.42
521.336	2094.33
495.877	2084.55
471.284	2075.23
447.835	2066.46
425.717	2058.29
405.041	2050.73
385.867	2043.7
368.229	2037.06
352.168	2030.62
337.759	2024.12
325.125	2017.23
314.454	2009.57
305.995	2000.7
300.055	1990.14
296.98	1977.4
297.128	1961.95
300.828	1943.32
308.339	1921.13
319.792	1895.1
335.148	1865.14
354.166	1831.38
376.4	1794.15
401.218	1754.01
427.86	1711.64
455.504	1667.86
483.347	1623.46
510.667	1579.25
536.876	1535.89
561.536	1493.96
584.366	1453.9
605.227	1416.02
624.09	1380.53
641.008	1347.54
656.088	1317.08
669.465	1289.13
681.28	1263.62
691.669	1240.46
700.753	1219.54
708.637	1200.73
715.413	1183.89
721.16	1168.89
725.952	1155.57
729.861	1143.74
732.955	1133.21
735.303	1123.76
736.964	1115.14
737.992	1107.09
738.423	1099.36
738.277	1091.65
737.553	1083.71
736.228	1075.26
734.262	1066.06
731.594	1055.91
728.156	1044.63
723.867	1032.09
718.654	1018.23
712.449	1003.04
705.206	986.565
696.909	968.933
687.579	950.311
677.279	930.924
666.122	911.034
