680.675	1045.06
669.351	1026.64
656.713	1006.72
642.929	985.28
628.22	962.358
612.852	938.057
597.12	912.536
581.329	885.999
565.782	858.691
550.767	830.895
536.553	802.929
523.383	775.149
511.469	747.937
500.992	721.696
492.092	696.828
484.863	673.714
479.341	652.683
475.504	633.99
473.271	617.799
472.509	604.179
473.055	593.111
474.731	584.505
477.374	578.229
480.852	574.132
485.08	572.068
490.029	571.914
495.732	573.575
502.271	576.987
509.778	582.107
518.42	588.907
528.386	597.351
539.873	607.386
553.066	618.92
568.124	631.815
585.165	645.875
604.251	660.846
625.39	676.421
648.544	692.252
673.643	707.972
700.611	723.21
729.387	737.618
759.943	750.886
792.287	762.755
826.455	773.022
862.486	781.544
900.399	788.229
940.162	793.037
981.667	795.974
1024.72	797.091
1069.02	796.485
1114.2	794.3
1159.78	790.731
1205.25	786.018
1250.05	780.446
1293.64	774.332
1335.48	768.013
1375.11	761.829
1412.14	756.105
1446.28	751.14
1477.38	747.196
1505.38	744.497
1530.35	743.229
1552.48	743.551
1572.01	745.604
1589.28	749.513
1604.63	755.4
1618.46	763.382
1631.11	773.566
1642.95	786.041
1654.25	800.862
1665.25	818.037
1676.11	837.505
1686.93	859.125
1697.71	882.666
1708.41	907.809
1718.91	934.156
1729.06	961.253
1738.67	988.614
1747.55	1015.75
1755.47	1042.22
1762.23	1067.63
1767.63	1091.66
1771.48	1114.12
1773.61	1134.9
1773.83	1154.01
1771.99	1171.57
1767.94	1187.75
1761.51	1202.83
1752.57	1217.11
1740.99	1230.89
1726.69	1244.51
1709.64	1258.26
1689.87	1272.38
1667.52	1287.08
1642.86	1302.44
1616.24	1318.48
1588.15	1335.11
1559.16	1352.17
1529.88	1369.4
1500.94	1386.52
1472.92	1403.24
1446.35	1419.31
1421.64	1434.49
1399.09	1448.66
1378.86	1461.73
1361.01	1473.72
1345.49	1484.7
1332.16	1494.8
1320.81	1504.19
1311.2	1513.07
1303.06	1521.65
1296.13	1530.15
1290.13	1538.79
1284.82	1547.76
1279.97	1557.26
1275.4	1567.42
1270.92	1578.37
1266.4	1590.2
1261.74	1602.99
1256.87	1616.78
1251.74	1631.64
1246.31	1647.62
1240.56	1664.78
1234.46	1683.22
1227.97	1703.04
1221.05	1724.35
1213.62	1747.24
1205.61	1771.77
1196.93	1797.88
1187.51	1825.45
1177.31	1854.2
1166.29	1883.73
1154.47	1913.52
1141.85	1942.97
1128.47	1971.47
1114.36	1998.41
1099.55	2023.26
1084.05	2045.59
1067.85	2065.1
1050.96	2081.63
1033.35	2095.15
1015.03	2105.73
995.997	2113.56
976.274	2118.89
955.896	2122.03
934.912	2123.3
913.374	2123.06
891.335	2121.64
868.827	2119.33
845.848	2116.42
822.35	2113.13
798.228	2109.62
773.326	2106.02
747.45	2102.4
720.405	2098.8
692.034	2095.21
662.271	2091.62
631.184	2087.99
599.011	2084.3
566.168	2080.5
533.244	2076.56
500.964	2072.4
470.14	2067.96
441.615	2063.14
416.204	2057.79
394.647	2051.75
377.577	2044.86
365.493	2036.93
358.75	2027.77
357.553	2017.23
361.949	2005.19
371.821	1991.58
386.885	1976.38
406.679	1959.67
430.567	1941.6
457.741	1922.41
487.251	1902.41
518.04	1882
549.003	1861.61
579.058	1841.69
607.225	1822.67
632.693	1804.89
654.876	1788.62
673.444	1773.98
688.31	1760.99
699.611	1749.56
707.645	1739.53
712.824	1730.66
715.61	1722.74
716.472	1715.52
715.857	1708.8
714.167	1702.4
711.751	1696.17
708.908	1689.99
705.883	1683.74
702.873	1677.33
700.032	1670.64
697.477	1663.56
695.286	1655.95
693.509	1647.66
692.17	1638.52
691.271	1628.35
690.797	1616.97
690.726	1604.23
691.024	1590
691.658	1574.2
692.593	1556.8
693.795	1537.84
695.236	1517.41
696.892	1495.64
698.74	1472.73
700.761	1448.88
702.934	1424.34
705.232	1399.37
707.623	1374.22
710.063	1349.18
712.497	1324.5
714.861	1300.44
717.083	1277.25
719.083	1255.13
720.777	1234.24
722.077	1214.68
722.89	1196.45
723.12	1179.51
722.664	1163.71
721.412	1148.85
719.247	1134.66
716.046	1120.81
711.684	1106.97
706.046	1092.78
699.034	1077.93
690.583	1062.1
