503.389	837.64
487.15	827.47
470.535	816.371
453.578	804.28
436.341	791.194
418.922	777.177
401.468	762.369
384.17	746.99
367.26	731.323
350.997	715.699
335.644	700.468
321.447	685.967
308.609	672.488
297.274	660.251
287.522	649.392
279.369	639.96
272.78	631.923
267.697	625.189
264.053	619.626
261.802	615.078
260.939	611.386
261.517	608.394
263.659	605.963
267.559	603.967
273.485	602.299
281.754	600.867
292.702	599.592
306.645	598.413
323.824	597.276
344.358	596.143
368.199	594.992
395.12	593.817
424.71	592.632
456.415	591.476
489.582	590.409
523.518	589.514
557.555	588.896
591.096	588.678
623.66	588.997
654.896	590.003
684.6	591.852
712.711	594.706
739.295	598.723
764.536	604.046
788.703	610.795
812.135	619.05
835.21	628.84
858.322	640.134
881.87	652.835
906.24	666.785
931.804	681.775
958.914	697.565
987.898	713.905
1019.05	730.557
1052.6	747.323
1088.73	764.057
1127.5	780.687
1168.84	797.218
1212.53	813.733
1258.21	830.389
1305.34	847.398
1353.26	865.005
1401.22	883.459
1448.4	902.975
1494	923.698
1537.3	945.672
1577.66	968.819
1614.61	992.925
1647.83	1017.65
1677.15	1042.56
1702.56	1067.14
1724.13	1090.87
1742.04	1113.24
1756.49	1133.84
1767.75	1152.36
1776.07	1168.61
1781.68	1182.57
1784.81	1194.33
1785.63	1204.07
1784.25	1212.06
1780.74	1218.58
1775.09	1223.94
1767.27	1228.4
1757.19	1232.23
1744.77	1235.67
1729.92	1238.9
1712.63	1242.09
1692.92	1245.4
1670.93	1248.92
1646.88	1252.76
1621.11	1256.96
1594.06	1261.57
1566.22	1266.63
1538.14	1272.15
1510.35	1278.18
1483.34	1284.79
1457.5	1292.05
1433.14	1300.08
1410.45	1309.04
1389.49	1319.07
1370.26	1330.33
1352.69	1342.96
1336.67	1357.07
1322.08	1372.73
1308.79	1389.96
1296.66	1408.74
1285.59	1428.98
1275.46	1450.55
1266.18	1473.25
1257.68	1496.87
1249.9	1521.12
1242.78	1545.73
1236.32	1570.38
1230.49	1594.79
1225.32	1618.69
1220.79	1641.85
1216.94	1664.1
1213.77	1685.31
1211.28	1705.4
1209.47	1724.34
1208.29	1742.12
1207.72	1758.75
1207.68	1774.27
1208.08	1788.71
1208.84	1802.14
1209.81	1814.63
1210.87	1826.28
1211.86	1837.19
1212.61	1847.49
1212.96	1857.3
1212.7	1866.77
1211.64	1876.02
1209.56	1885.18
1206.23	1894.4
1201.41	1903.8
1194.84	1913.52
1186.29	1923.69
1175.49	1934.46
1162.24	1945.94
1146.37	1958.26
1127.81	1971.47
1106.57	1985.6
1082.84	2000.61
1056.96	2016.36
1029.45	2032.62
1000.95	2049.1
972.24	2065.43
944.099	2081.24
917.274	2096.14
892.393	2109.83
869.906	2122.05
850.054	2132.65
832.872	2141.55
818.206	2148.76
805.761	2154.33
795.147	2158.35
785.927	2160.91
777.651	2162.13
769.883	2162.1
762.215	2160.92
754.273	2158.69
745.724	2155.52
736.276	2151.48
725.686	2146.69
713.771	2141.24
700.417	2135.21
685.594	2128.7
669.368	2121.78
651.903	2114.51
633.456	2106.97
614.367	2099.2
595.029	2091.25
575.865	2083.18
557.291	2075.02
539.694	2066.81
523.413	2058.57
508.728	2050.29
495.865	2041.93
484.998	2033.42
476.266	2024.62
469.787	2015.35
465.664	2005.35
463.996	1994.32
464.878	1981.91
468.396	1967.74
474.611	1951.45
483.551	1932.71
495.185	1911.26
509.42	1886.95
526.08	1859.73
544.916	1829.66
565.595	1796.93
587.718	1761.79
610.824	1724.61
634.406	1685.79
657.927	1645.8
680.84	1605.1
702.614	1564.19
722.754	1523.53
740.826	1483.55
756.475	1444.59
769.438	1406.93
779.554	1370.71
786.762	1336
791.097	1302.77
792.682	1270.92
791.715	1240.34
788.456	1210.92
783.209	1182.57
776.309	1155.26
768.103	1128.99
758.926	1103.84
749.09	1079.9
738.859	1057.29
728.44	1036.12
717.971	1016.5
707.518	998.462
697.087	982.014
686.629	967.1
676.063	953.621
665.291	941.444
654.217	930.415
642.762	920.37
630.87	911.145
618.51	902.576
605.67	894.499
592.357	886.751
578.586	879.165
564.373	871.569
549.736	863.789
534.688	855.652
519.237	846.988
