698.432	977.499
688.869	966.331
677.826	954.684
665.203	942.427
650.938	929.416
635.026	915.513
617.527	900.604
598.577	884.621
578.391	867.56
557.27	849.501
535.596	830.618
513.825	811.178
492.468	791.536
472.066	772.105
453.151	753.32
436.215	735.598
421.669	719.296
409.819	704.678
400.847	691.903
394.816	681.015
391.675	671.962
391.279	664.615
393.411	658.789
397.807	654.275
404.172	650.853
412.201	648.31
421.599	646.451
432.098	645.099
443.475	644.097
455.57	643.311
468.298	642.625
481.653	641.943
495.71	641.195
510.607	640.336
526.529	639.353
543.68	638.269
562.262	637.143
582.446	636.073
604.372	635.197
628.138	634.683
653.813	634.734
681.447	635.572
711.084	637.429
742.759	640.53
776.496	645.067
812.288	651.164
850.066	658.85
889.67	668.02
930.824	678.419
973.127	689.646
1016.06	701.179
1059.02	712.431
1101.38	722.817
1142.53	731.83
1181.93	739.096
1219.15	744.41
1253.88	747.745
1285.92	749.232
1315.18	749.121
1341.63	747.741
1365.31	745.452
1386.29	742.616
1404.66	739.567
1420.49	736.603
1433.9	733.981
1444.94	731.925
1453.69	730.632
1460.22	730.29
1464.61	731.088
1466.94	733.23
1467.31	736.953
1465.89	742.533
1462.84	750.299
1458.4	760.625
1452.83	773.929
1446.44	790.636
1439.52	811.149
1432.41	835.784
1425.38	864.717
1418.65	897.926
1412.37	935.152
1406.59	975.887
1401.3	1019.39
1396.38	1064.76
1391.72	1110.95
1387.17	1156.93
1382.61	1201.68
1378	1244.33
1373.33	1284.19
1368.66	1320.75
1364.1	1353.77
1359.77	1383.18
1355.79	1409.14
1352.28	1431.93
1349.29	1451.93
1346.83	1469.6
1344.87	1485.39
1343.31	1499.78
1341.97	1513.17
1340.66	1525.96
1339.12	1538.48
1337.08	1551
1334.25	1563.76
1330.36	1576.97
1325.16	1590.78
1318.46	1605.32
1310.14	1620.66
1300.18	1636.86
1288.65	1653.9
1275.73	1671.77
1261.66	1690.39
1246.76	1709.66
1231.35	1729.51
1215.73	1749.86
1200.15	1770.65
1184.8	1791.87
1169.79	1813.48
1155.16	1835.48
1140.91	1857.82
1127.03	1880.38
1113.51	1902.99
1100.33	1925.42
1087.52	1947.37
1075.08	1968.51
1063.03	1988.54
1051.38	2007.22
1040.09	2024.39
1029.1	2039.98
1018.34	2054.05
1007.68	2066.71
997.005	2078.16
986.185	2088.59
975.115	2098.22
963.71	2107.26
951.923	2115.84
939.741	2124.1
927.184	2132.09
914.302	2139.85
901.169	2147.36
887.864	2154.57
874.469	2161.41
861.05	2167.79
847.649	2173.61
834.27	2178.77
820.873	2183.18
807.372	2186.77
793.637	2189.5
779.51	2191.33
764.826	2192.27
749.432	2192.33
733.216	2191.55
716.117	2189.99
698.13	2187.69
679.294	2184.73
659.68	2181.15
639.366	2177.03
618.42	2172.42
596.897	2167.34
574.842	2161.83
552.303	2155.92
529.359	2149.6
506.143	2142.87
482.861	2135.72
459.801	2128.12
437.328	2120.07
415.865	2111.56
395.856	2102.59
377.727	2093.19
361.843	2083.4
348.472	2073.27
337.767	2062.86
329.754	2052.22
324.348	2041.41
321.379	2030.45
320.623	2019.35
321.841	2008.06
324.815	1996.51
329.373	1984.55
335.405	1971.99
342.862	1958.63
351.745	1944.22
362.074	1928.54
373.862	1911.4
387.079	1892.7
401.628	1872.41
417.336	1850.59
433.959	1827.38
451.202	1802.97
468.756	1777.56
486.329	1751.34
503.677	1724.42
520.615	1696.88
537.031	1668.74
552.87	1640.01
568.13	1610.69
582.838	1580.8
597.04	1550.43
610.784	1519.72
624.109	1488.87
637.031	1458.11
649.537	1427.7
661.582	1397.92
673.085	1369.03
683.939	1341.27
694.02	1314.84
703.211	1289.89
711.413	1266.53
718.566	1244.84
724.658	1224.84
729.72	1206.5
733.826	1189.8
737.074	1174.65
739.575	1160.97
741.44	1148.64
742.771	1137.53
743.653	1127.47
744.157	1118.32
744.336	1109.87
744.225	1101.95
743.846	1094.35
743.202	1086.9
742.285	1079.43
741.069	1071.8
739.519	1063.91
737.584	1055.67
735.203	1047.06
732.302	1038.06
728.799	1028.7
724.598	1019.01
719.589	1009.03
713.65	998.797
706.645	988.297
