690.582	1043.33
676.242	1025.4
660.752	1007.63
644.301	990.171
627.158	973.237
609.667	957.055
592.226	941.858
575.266	927.854
559.209	915.204
544.435	904.006
531.25	894.285
519.866	885.996
510.4	879.036
502.883	873.256
497.284	868.481
493.536	864.524
491.567	861.202
491.326	858.345
492.807	855.803
496.066	853.457
501.238	851.223
508.547	849.063
518.309	846.992
530.915	845.083
546.81	843.468
566.431	842.328
590.13	841.873
618.083	842.306
650.194	843.79
686.03	846.406
724.812	850.129
765.466	854.816
806.741	860.216
847.363	866
886.196	871.795
922.37	877.229
955.352	881.964
984.955	885.727
1011.29	888.323
1034.71	889.637
1055.67	889.629
1074.7	888.32
1092.28	885.778
1108.85	882.105
1124.72	877.431
1140.11	871.904
1155.12	865.693
1169.79	858.979
1184.08	851.949
1197.93	844.789
1211.26	837.667
1224.02	830.721
1236.21	824.052
1247.84	817.719
1259.01	811.737
1269.85	806.083
1280.52	800.709
1291.2	795.556
1302.06	790.568
1313.22	785.709
1324.77	780.978
1336.7	776.423
1348.93	772.147
1361.3	768.321
1373.55	765.181
1385.4	763.033
1396.51	762.255
1406.55	763.289
1415.21	766.644
1422.24	772.88
1427.46	782.582
1430.81	796.327
1432.31	814.621
1432.11	837.832
1430.49	866.106
1427.79	899.312
1424.43	936.999
1420.87	978.412
1417.52	1022.54
1414.77	1068.22
1412.86	1114.23
1411.96	1159.4
1412.09	1202.71
1413.15	1243.37
1414.96	1280.81
1417.27	1314.72
1419.83	1345.02
1422.42	1371.81
1424.84	1395.34
1426.96	1415.98
1428.72	1434.13
1430.1	1450.21
1431.09	1464.63
1431.73	1477.72
1432.04	1489.78
1432.09	1500.98
1431.9	1511.47
1431.5	1521.31
1430.92	1530.54
1430.15	1539.15
1429.15	1547.14
1427.86	1554.54
1426.2	1561.36
1424.03	1567.7
1421.2	1573.64
1417.57	1579.33
1412.95	1584.96
1407.19	1590.73
1400.15	1596.86
1391.7	1603.57
1381.76	1611.08
1370.32	1619.56
1357.39	1629.16
1343.07	1640
1327.49	1652.16
1310.79	1665.67
1293.14	1680.57
1274.68	1696.92
1255.49	1714.78
1235.61	1734.24
1215	1755.44
1193.56	1778.47
1171.2	1803.42
1147.77	1830.26
1123.19	1858.83
1097.46	1888.79
1070.65	1919.63
1042.98	1950.68
1014.78	1981.21
986.481	2010.45
958.584	2037.77
931.606	2062.64
906.024	2084.76
882.226	2104
860.468	2120.39
840.85	2134.08
823.315	2145.29
807.657	2154.26
793.561	2161.26
780.634	2166.52
768.449	2170.23
756.585	2172.61
744.662	2173.82
732.363	2174.01
719.459	2173.33
705.82	2171.93
691.415	2169.92
676.307	2167.43
660.638	2164.55
644.602	2161.36
628.42	2157.91
612.315	2154.26
596.486	2150.4
581.09	2146.34
566.232	2142.08
551.961	2137.58
538.267	2132.83
525.084	2127.78
512.304	2122.4
499.786	2116.66
487.374	2110.51
474.926	2103.92
462.341	2096.89
449.584	2089.4
436.718	2081.49
423.91	2073.22
411.425	2064.71
399.598	2056.07
388.784	2047.47
379.305	2039.07
371.397	2031.02
365.174	2023.46
360.625	2016.48
357.623	2010.14
355.966	2004.42
355.415	1999.29
355.739	1994.65
356.752	1990.38
358.328	1986.3
360.417	1982.21
363.044	1977.86
366.306	1972.95
370.359	1967.14
375.407	1960.01
381.681	1951.1
389.409	1939.89
398.788	1925.83
409.94	1908.41
422.884	1887.15
437.515	1861.75
453.606	1832.1
470.823	1798.38
488.777	1761.08
507.061	1720.99
525.308	1679.18
543.219	1636.87
560.579	1595.36
577.25	1555.83
593.157	1519.25
608.263	1486.31
622.546	1457.35
635.987	1432.43
648.569	1411.32
660.272	1393.68
671.087	1379.02
681.022	1366.87
690.104	1356.76
698.389	1348.26
705.955	1340.99
712.899	1334.6
719.33	1328.78
725.351	1323.26
731.049	1317.76
736.478	1312.02
741.651	1305.82
746.532	1298.91
751.041	1291.11
755.062	1282.23
758.454	1272.15
761.072	1260.78
762.777	1248.11
763.456	1234.19
763.019	1219.12
761.409	1203.07
758.589	1186.26
754.542	1168.9
749.257	1151.19
742.722	1133.3
734.918	1115.33
725.82	1097.33
715.404	1079.33
703.654	1061.33
