550.637	812.772
540.53	795.346
531.446	779.905
523.361	766.292
516.19	754.327
509.809	743.816
504.073	734.546
498.839	726.295
493.985	718.839
489.432	711.951
485.159	705.419
481.222	699.05
477.765	692.678
475.026	686.175
473.333	679.454
473.077	672.473
474.688	665.237
478.586	657.8
485.14	650.26
494.618	642.758
507.152	635.475
522.718	628.614
541.119	622.398
561.998	617.048
584.862	612.776
609.127	609.766
634.172	608.168
659.4	608.098
684.3	609.634
708.483	612.828
731.713	617.714
753.904	624.314
775.101	632.639
795.438	642.683
815.101	654.406
834.275	667.716
853.122	682.454
871.753	698.387
890.235	715.209
908.599	732.553
926.862	750.014
945.046	767.169
963.205	783.603
981.432	798.924
999.873	812.778
1018.72	824.86
1038.22	834.914
1058.65	842.743
1080.28	848.218
1103.4	851.283
1128.22	851.975
1154.9	850.431
1183.49	846.903
1213.89	841.757
1245.92	835.463
1279.22	828.577
1313.41	821.708
1347.99	815.485
1382.49	810.524
1416.44	807.391
1449.4	806.584
1481	808.505
1510.95	813.453
1539.03	821.608
1565.14	833.029
1589.27	847.661
1611.47	865.332
1631.85	885.765
1650.54	908.577
1667.62	933.283
1683.15	959.314
1697.11	986.031
1709.42	1012.77
1719.95	1038.88
1728.56	1063.79
1735.08	1087.06
1739.38	1108.41
1741.3	1127.71
1740.74	1145
1737.59	1160.44
1731.73	1174.31
1723.11	1186.91
1711.68	1198.57
1697.51	1209.61
1680.74	1220.3
1661.66	1230.89
1640.69	1241.54
1618.36	1252.42
1595.27	1263.64
1572.03	1275.3
1549.2	1287.5
1527.27	1300.35
1506.59	1313.94
1487.37	1328.35
1469.68	1343.64
1453.48	1359.85
1438.61	1376.97
1424.86	1394.94
1411.95	1413.7
1399.62	1433.17
1387.63	1453.28
1375.78	1473.94
1363.9	1495.12
1351.92	1516.76
1339.79	1538.86
1327.53	1561.37
1315.18	1584.27
1302.83	1607.53
1290.56	1631.11
1278.47	1654.96
1266.68	1679.09
1255.26	1703.53
1244.3	1728.36
1233.85	1753.74
1223.95	1779.83
1214.61	1806.8
1205.85	1834.76
1197.71	1863.74
1190.22	1893.63
1183.44	1924.16
1177.4	1954.98
1172.11	1985.64
1167.55	2015.68
1163.65	2044.65
1160.27	2072.18
1157.25	2097.97
1154.38	2121.81
1151.45	2143.57
1148.2	2163.19
1144.39	2180.65
1139.75	2195.96
1134	2209.16
1126.86	2220.31
1118.06	2229.5
1107.33	2236.81
1094.45	2242.38
1079.29	2246.32
1061.8	2248.8
1042.04	2249.98
1020.2	2250.01
996.532	2249.04
971.376	2247.21
945.067	2244.62
917.905	2241.36
890.102	2237.48
861.748	2233.02
832.799	2228.01
803.076	2222.44
772.295	2216.32
740.11	2209.67
706.162	2202.51
670.152	2194.9
631.896	2186.9
591.384	2178.63
548.822	2170.2
504.652	2161.74
459.545	2153.38
414.36	2145.25
370.08	2137.45
327.72	2130.06
288.237	2123.14
252.435	2116.71
220.91	2110.74
194.013	2105.2
171.873	2099.99
154.432	2094.95
141.525	2089.91
132.949	2084.65
128.54	2078.86
128.225	2072.23
132.056	2064.37
140.208	2054.85
152.949	2043.22
170.579	2029.05
193.333	2011.95
221.273	1991.66
254.167	1968.12
291.402	1941.52
331.951	1912.32
374.423	1881.19
417.206	1848.96
458.663	1816.46
497.34	1784.38
532.127	1753.18
562.333	1723.07
587.677	1694.01
608.215	1665.85
624.238	1638.37
636.19	1611.43
644.591	1585.01
649.998	1559.21
652.976	1534.27
654.076	1510.48
653.823	1488.2
652.691	1467.69
651.094	1449.19
649.376	1432.78
647.806	1418.46
646.578	1406.1
645.827	1395.5
645.633	1386.41
646.03	1378.55
647.022	1371.67
648.583	1365.52
650.666	1359.88
653.206	1354.56
656.121	1349.37
659.322	1344.14
662.707	1338.67
666.169	1332.76
669.594	1326.17
672.864	1318.61
675.858	1309.75
678.454	1299.24
680.527	1286.69
681.95	1271.74
682.599	1254.11
682.35	1233.61
681.079	1210.21
678.664	1184.03
674.991	1155.39
669.959	1124.74
663.498	1092.65
655.589	1059.75
646.282	1026.69
635.709	994.096
624.089	962.526
611.719	932.443
598.944	904.197
586.128	878.023
573.619	854.048
561.714	832.31
