577.923	796.356
552.887	775.523
527.018	754.631
500.87	734.025
475.028	714.057
450.078	695.054
426.579	677.301
405.042	661.023
385.896	646.368
369.47	633.399
355.982	622.092
345.541	612.342
338.166	603.982
333.821	596.805
332.438	590.588
333.949	585.123
338.3	580.228
345.452	575.772
355.375	571.671
368.042	567.898
383.417	564.473
401.453	561.459
422.082	558.95
445.21	557.066
470.701	555.933
498.355	555.682
527.883	556.433
558.892	558.289
590.881	561.327
623.267	565.598
655.429	571.127
686.78	577.927
716.833	586.005
745.259	595.376
771.914	606.066
796.842	618.105
820.24	631.523
842.412	646.323
863.718	662.467
884.519	679.85
905.14	698.278
925.836	717.451
946.78	736.955
968.063	756.279
989.713	774.838
1011.72	792.028
1034.09	807.285
1056.86	820.141
1080.12	830.267
1104.05	837.491
1128.87	841.791
1154.83	843.275
1182.17	842.146
1211.01	838.679
1241.38	833.199
1273.14	826.071
1305.98	817.696
1339.45	808.502
1372.95	798.939
1405.85	789.466
1437.5	780.535
1467.36	772.573
1495	765.967
1520.18	761.058
1542.85	758.138
1563.14	757.456
1581.32	759.225
1597.72	763.632
1612.72	770.837
1626.66	780.966
1639.81	794.102
1652.35	810.265
1664.35	829.406
1675.78	851.396
1686.52	876.027
1696.34	903.02
1704.95	932.036
1711.98	962.698
1716.99	994.613
1719.53	1027.39
1719.15	1060.67
1715.45	1094.11
1708.18	1127.43
1697.26	1160.34
1682.83	1192.6
1665.31	1223.98
1645.37	1254.23
1623.88	1283.15
1601.78	1310.56
1580.04	1336.3
1559.46	1360.3
1540.65	1382.55
1523.97	1403.13
1509.52	1422.14
1497.21	1439.76
1486.83	1456.17
1478.09	1471.56
1470.66	1486.07
1464.24	1499.83
1458.55	1512.93
1453.33	1525.43
1448.36	1537.36
1443.46	1548.78
1438.43	1559.8
1433.09	1570.54
1427.28	1581.22
1420.83	1592.13
1413.6	1603.59
1405.47	1615.98
1396.42	1629.66
1386.45	1644.91
1375.66	1661.94
1364.22	1680.78
1352.35	1701.34
1340.3	1723.35
1328.34	1746.45
1316.68	1770.24
1305.5	1794.3
1294.91	1818.29
1284.93	1841.96
1275.56	1865.18
1266.73	1887.91
1258.35	1910.2
1250.33	1932.15
1242.54	1953.9
1234.9	1975.61
1227.29	1997.4
1219.63	2019.32
1211.84	2041.36
1203.85	2063.4
1195.62	2085.23
1187.11	2106.53
1178.29	2126.97
1169.11	2146.18
1159.52	2163.85
1149.43	2179.76
1138.72	2193.79
1127.23	2205.89
1114.78	2216.15
1101.2	2224.69
1086.34	2231.69
1070.12	2237.32
1052.55	2241.77
1033.75	2245.17
1013.92	2247.68
993.319	2249.38
972.227	2250.35
950.901	2250.66
929.529	2250.31
908.206	2249.34
886.918	2247.73
865.54	2245.46
843.851	2242.5
821.556	2238.8
798.307	2234.34
773.739	2229.07
747.505	2222.98
719.311	2216.06
688.96	2208.33
656.393	2199.83
621.729	2190.6
585.29	2180.73
547.612	2170.26
509.429	2159.25
471.64	2147.72
435.269	2135.61
401.408	2122.82
371.176	2109.15
345.67	2094.31
325.921	2077.96
312.835	2059.7
307.12	2039.15
309.2	2016.01
319.12	1990.11
336.474	1961.47
360.365	1930.33
389.443	1897.11
422.017	1862.34
456.216	1826.63
490.189	1790.5
522.276	1754.43
551.14	1718.77
575.844	1683.8
595.877	1649.79
611.132	1616.96
621.861	1585.56
628.595	1555.85
632.051	1528.06
633.038	1502.37
632.362	1478.88
630.761	1457.59
628.853	1438.39
627.119	1421.05
625.913	1405.27
625.472	1390.67
625.95	1376.81
627.438	1363.3
629.98	1349.73
633.584	1335.79
638.219	1321.2
643.816	1305.84
650.262	1289.66
657.401	1272.74
665.042	1255.27
672.968	1237.5
680.952	1219.72
688.777	1202.21
696.249	1185.2
703.212	1168.85
709.549	1153.22
715.184	1138.27
720.077	1123.91
724.212	1109.96
727.588	1096.24
730.215	1082.58
732.097	1068.83
733.235	1054.89
733.617	1040.74
733.213	1026.38
731.973	1011.87
729.818	997.267
726.64	982.618
722.296	967.933
716.616	953.171
709.4	938.24
700.437	922.998
689.515	907.274
676.451	890.893
661.118	873.705
643.471	855.619
623.578	836.626
601.625	816.811
