522.928	801.672
500.361	782.154
479.298	763.66
459.907	746.205
442.289	729.851
426.487	714.676
412.493	700.754
400.278	688.135
389.812	676.829
381.082	666.799
374.112	657.964
368.954	650.199
365.694	643.348
364.44	637.226
365.313	631.639
368.437	626.388
373.931	621.293
381.895	616.209
392.402	611.048
405.486	605.789
421.132	600.49
439.277	595.286
459.806	590.375
482.56	586.003
507.341	582.443
533.919	579.973
562.034	578.857
591.406	579.325
621.74	581.562
652.75	585.698
684.177	591.811
715.82	599.93
747.552	610.032
779.321	622.045
811.13	635.82
842.999	651.116
874.927	667.574
906.862	684.723
938.689	701.999
970.235	718.804
1001.29	734.562
1031.6	748.786
1060.91	761.123
1088.96	771.376
1115.47	779.506
1140.21	785.609
1162.97	789.885
1183.61	792.602
1202.09	794.05
1218.44	794.509
1232.86	794.22
1245.59	793.368
1257.01	792.073
1267.55	790.395
1277.68	788.339
1287.88	785.874
1298.63	782.947
1310.35	779.507
1323.39	775.522
1337.98	771.006
1354.21	766.03
1372.03	760.733
1391.23	755.333
1411.49	750.119
1432.4	745.452
1453.5	741.759
1474.36	739.53
1494.58	739.316
1513.81	741.713
1531.81	747.341
1548.32	756.792
1563.14	770.563
1576.01	788.977
1586.58	812.102
1594.43	839.704
1599.03	871.231
1599.8	905.842
1596.18	942.475
1587.78	979.932
1574.46	1016.98
1556.43	1052.42
1534.32	1085.25
1509.15	1114.63
1482.2	1140.05
1454.86	1161.3
1428.43	1178.47
1403.94	1191.95
1382.13	1202.3
1363.34	1210.18
1347.62	1216.31
1334.81	1221.33
1324.6	1225.85
1316.62	1230.38
1310.47	1235.36
1305.79	1241.21
1302.29	1248.27
1299.69	1256.92
1297.77	1267.45
1296.34	1280.17
1295.23	1295.31
1294.29	1313.05
1293.35	1333.45
1292.28	1356.52
1290.94	1382.15
1289.18	1410.18
1286.93	1440.37
1284.11	1472.45
1280.69	1506.1
1276.67	1540.98
1272.07	1576.72
1266.95	1612.87
1261.4	1648.98
1255.53	1684.54
1249.45	1719.05
1243.31	1752.08
1237.19	1783.3
1231.17	1812.55
1225.24	1839.84
1219.34	1865.37
1213.34	1889.45
1207.12	1912.5
1200.54	1934.91
1193.51	1957.05
1185.96	1979.14
1177.91	2001.32
1169.45	2023.54
1160.67	2045.67
1151.72	2067.49
1142.7	2088.71
1133.7	2109.07
1124.71	2128.27
1115.65	2146.06
1106.35	2162.23
1096.57	2176.58
1086.05	2188.98
1074.51	2199.36
1061.69	2207.73
1047.42	2214.18
1031.62	2218.84
1014.32	2221.93
995.683	2223.7
975.984	2224.41
955.618	2224.3
935.063	2223.59
914.831	2222.46
895.42	2221.01
877.252	2219.3
860.63	2217.34
845.702	2215.11
832.461	2212.54
820.76	2209.56
810.345	2206.1
800.891	2202.08
792.031	2197.47
783.373	2192.25
774.506	2186.44
764.993	2180.06
754.366	2173.19
742.123	2165.86
727.742	2158.12
710.721	2149.99
690.65	2141.47
667.301	2132.54
640.734	2123.16
611.386	2113.33
580.104	2103.01
548.117	2092.2
516.925	2080.84
488.152	2068.85
463.38	2056.08
444.008	2042.34
431.142	2027.37
425.519	2010.95
427.458	1992.88
436.826	1973.1
453.032	1951.68
475.052	1928.87
501.502	1905.06
530.76	1880.73
561.126	1856.39
590.984	1832.48
618.942	1809.32
643.931	1787.08
665.242	1765.78
682.52	1745.29
695.718	1725.4
705.032	1705.86
710.832	1686.41
713.6	1666.85
713.879	1647.02
712.238	1626.87
709.245	1606.49
705.453	1586.03
701.391	1565.78
697.549	1546.07
694.37	1527.25
692.239	1509.61
691.475	1493.38
692.33	1478.63
694.988	1465.32
699.564	1453.31
706.099	1442.37
714.557	1432.24
724.811	1422.65
736.638	1413.35
749.721	1404.12
763.658	1394.79
777.99	1385.19
792.222	1375.16
805.852	1364.55
818.394	1353.16
829.394	1340.78
838.436	1327.15
845.152	1311.99
849.226	1294.98
850.401	1275.84
848.486	1254.3
843.368	1230.2
835.019	1203.51
823.501	1174.36
808.969	1143.1
791.662	1110.27
771.891	1076.57
750.025	1042.73
726.466	1009.48
701.631	977.455
675.931	947.076
649.75	918.579
623.437	891.999
597.311	867.223
571.666	844.051
546.781	822.263
