541.383	860.101
530.693	841.638
520.973	823.683
512.107	806.133
503.925	788.873
496.235	771.783
488.855	754.756
481.648	737.706
474.559	720.591
467.641	703.426
461.062	686.293
455.095	669.342
450.089	652.784
446.42	636.871
444.435	621.874
444.408	608.049
446.505	595.625
450.788	584.787
457.237	575.68
465.798	568.413
476.438	563.073
489.194	559.735
504.191	558.473
521.643	559.368
541.805	562.51
564.9	567.995
591.035	575.915
620.121	586.34
651.826	599.294
685.586	614.734
720.654	632.531
756.195	652.455
791.381	674.182
825.473	697.294
857.863	721.299
888.085	745.645
915.806	769.747
940.806	793.011
962.965	814.877
982.261	834.856
998.775	852.574
1012.69	867.799
1024.3	880.455
1033.98	890.6
1042.19	898.402
1049.39	904.086
1056.08	907.896
1062.72	910.058
1069.74	910.767
1077.52	910.186
1086.37	908.455
1096.54	905.72
1108.22	902.148
1121.54	897.951
1136.55	893.399
1153.3	888.817
1171.82	884.587
1192.14	881.13
1214.36	878.897
1238.6	878.35
1265.06	879.949
1293.94	884.143
1325.41	891.344
1359.52	901.906
1396.14	916.079
1434.86	933.946
1474.96	955.364
1515.44	979.901
1555.1	1006.82
1592.65	1035.14
1626.92	1063.71
1656.94	1091.42
1682.05	1117.33
1701.92	1140.8
1716.46	1161.55
1725.72	1179.64
1729.86	1195.39
1728.99	1209.3
1723.21	1221.95
1712.58	1233.96
1697.2	1245.88
1677.3	1258.21
1653.33	1271.34
1625.96	1285.54
1596.09	1300.94
1564.76	1317.53
1533.05	1335.09
1501.94	1353.3
1472.26	1371.69
1444.62	1389.76
1419.42	1406.99
1396.89	1422.96
1377.09	1437.37
1360	1450.06
1345.54	1461.05
1333.57	1470.44
1323.97	1478.47
1316.59	1485.4
1311.28	1491.51
1307.92	1497.09
1306.36	1502.44
1306.46	1507.79
1308.06	1513.4
1310.93	1519.48
1314.81	1526.24
1319.35	1533.88
1324.13	1542.62
1328.71	1552.71
1332.58	1564.45
1335.3	1578.16
1336.48	1594.18
1335.85	1612.79
1333.29	1634.21
1328.83	1658.49
1322.63	1685.56
1314.92	1715.18
1305.98	1746.97
1296.09	1780.51
1285.52	1815.32
1274.46	1850.96
1263.1	1887.01
1251.6	1923.1
1240.09	1958.9
1228.72	1994.06
1217.62	2028.23
1206.96	2061.02
1196.91	2091.98
1187.59	2120.67
1179.13	2146.65
1171.53	2169.62
1164.76	2189.39
1158.66	2205.92
1153	2219.35
1147.47	2229.9
1141.67	2237.87
1135.19	2243.58
1127.53	2247.31
1118.14	2249.3
1106.43	2249.76
1091.78	2248.81
1073.55	2246.56
1051.16	2243.08
1024.16	2238.41
992.299	2232.6
955.654	2225.69
914.674	2217.76
870.198	2208.91
823.401	2199.33
775.664	2189.25
728.404	2178.93
682.879	2168.66
640.044	2158.69
600.458	2149.21
564.281	2140.35
531.342	2132.12
501.244	2124.51
473.496	2117.45
447.629	2110.85
423.283	2104.64
400.27	2098.74
378.596	2093.06
358.453	2087.52
340.197	2082.02
324.3	2076.42
311.301	2070.59
301.756	2064.34
296.194	2057.48
295.074	2049.83
298.769	2041.19
307.549	2031.35
321.574	2020.11
340.882	2007.28
365.364	1992.69
394.717	1976.23
428.377	1957.91
465.467	1937.89
504.78	1916.46
544.837	1894.1
584.02	1871.37
620.761	1848.81
653.727	1826.85
681.954	1805.77
704.896	1785.59
722.4	1766.15
734.621	1747.13
741.921	1728.1
744.777	1708.62
743.714	1688.29
739.266	1666.83
731.974	1644.08
722.397	1620.1
711.123	1595.14
698.775	1569.63
685.995	1544.18
673.409	1519.45
661.574	1496.11
650.929	1474.74
641.77	1455.71
634.243	1439.2
628.366	1425.13
624.069	1413.24
621.238	1403.14
619.752	1394.33
619.511	1386.29
620.451	1378.53
622.537	1370.55
625.756	1361.93
630.089	1352.29
635.484	1341.33
641.828	1328.85
648.921	1314.73
656.473	1298.99
664.112	1281.74
671.418	1263.19
677.966	1243.6
683.366	1223.28
687.29	1202.48
689.488	1181.44
689.781	1160.25
688.047	1138.97
684.22	1117.54
678.288	1095.89
670.31	1073.94
660.428	1051.69
648.882	1029.21
635.997	1006.65
622.17	984.18
607.833	962.02
593.409	940.341
579.282	919.27
565.766	898.871
553.088	879.158
