435.284	820.137
423.757	805.808
411.213	790.582
397.617	774.387
383.099	757.334
367.945	739.696
352.563	721.872
337.423	704.322
323	687.51
309.715	671.839
297.901	657.612
287.785	645.01
279.498	634.087
273.095	624.783
268.583	616.949
265.957	610.372
265.235	604.806
266.486	600.003
269.847	595.736
275.533	591.82
283.828	588.137
295.07	584.647
309.628	581.404
327.874	578.552
350.146	576.328
376.707	575.038
407.684	575.034
443.007	576.678
482.365	580.309
525.191	586.202
570.702	594.546
617.978	605.42
666.067	618.782
714.089	634.468
761.313	652.182
807.195	671.502
851.388	691.882
893.707	712.659
934.094	733.081
972.579	752.352
1009.25	769.69
1044.26	784.405
1077.79	795.976
1110.11	804.095
1141.49	808.691
1172.23	809.91
1202.57	808.073
1232.71	803.617
1262.75	797.045
1292.69	788.872
1322.49	779.596
1352.07	769.671
1381.31	759.502
1410.05	749.445
1438.11	739.823
1465.24	730.943
1491.16	723.107
1515.56	716.623
1538.13	711.793
1558.66	708.906
1577.04	708.226
1593.29	709.985
1607.61	714.393
1620.31	721.649
1631.77	731.955
1642.44	745.529
1652.75	762.594
1663.08	783.352
1673.72	807.924
1684.84	836.27
1696.43	868.104
1708.35	902.827
1720.25	939.515
1731.68	976.989
1742.11	1013.96
1751.05	1049.19
1758.05	1081.68
1762.75	1110.78
1764.9	1136.19
1764.27	1157.98
1760.66	1176.48
1753.84	1192.16
1743.58	1205.56
1729.67	1217.22
1712.01	1227.57
1690.67	1236.94
1666.02	1245.55
1638.68	1253.47
1609.55	1260.71
1579.63	1267.25
1549.94	1273.08
1521.33	1278.27
1494.47	1283.02
1469.77	1287.57
1447.49	1292.27
1427.67	1297.48
1410.27	1303.53
1395.11	1310.68
1381.95	1319.16
1370.51	1329.08
1360.5	1340.49
1351.62	1353.37
1343.64	1367.66
1336.33	1383.28
1329.56	1400.16
1323.21	1418.28
1317.19	1437.67
1311.42	1458.46
1305.82	1480.83
1300.31	1505.01
1294.82	1531.21
1289.28	1559.52
1283.67	1589.91
1277.97	1622.14
1272.2	1655.81
1266.38	1690.4
1260.52	1725.37
1254.6	1760.24
1248.54	1794.65
1242.25	1828.37
1235.6	1861.33
1228.47	1893.51
1220.78	1924.91
1212.46	1955.48
1203.56	1985.1
1194.15	2013.57
1184.4	2040.56
1174.51	2065.74
1164.66	2088.75
1155.02	2109.29
1145.64	2127.13
1136.48	2142.15
1127.39	2154.32
1118.1	2163.7
1108.23	2170.43
1097.37	2174.7
1085.03	2176.72
1070.7	2176.72
1053.86	2174.93
1034.05	2171.57
1010.85	2166.87
984.026	2161.06
953.526	2154.38
919.492	2147.13
882.211	2139.62
842.03	2132.16
799.253	2125.06
754.092	2118.57
706.676	2112.86
657.116	2108.04
605.603	2104.1
552.504	2100.98
498.416	2098.58
444.181	2096.73
390.844	2095.29
339.564	2094.11
291.501	2093.08
247.693	2092.11
208.946	2091.17
175.757	2090.21
148.288	2089.22
126.387	2088.19
109.652	2087.07
97.5388	2085.83
89.467	2084.36
84.9246	2082.57
83.5443	2080.27
85.149	2077.29
89.7669	2073.37
97.6212	2068.2
109.095	2061.46
124.676	2052.75
144.871	2041.7
170.102	2027.96
200.582	2011.28
236.198	1991.56
276.424	1968.91
320.29	1943.7
366.425	1916.53
413.173	1888.18
458.76	1859.56
501.493	1831.6
539.941	1805.11
573.089	1780.75
600.413	1758.92
621.887	1739.76
637.905	1723.17
649.157	1708.87
656.486	1696.46
660.756	1685.45
662.751	1675.34
663.116	1665.63
662.337	1655.8
660.746	1645.39
658.553	1633.97
655.88	1621.21
652.811	1606.91
649.417	1591.03
645.789	1573.71
642.043	1555.25
638.321	1536.06
634.783	1516.62
631.591	1497.32
628.893	1478.49
626.814	1460.28
625.445	1442.67
624.841	1425.48
625.009	1408.4
625.898	1391.04
627.381	1372.94
629.245	1353.66
631.176	1332.78
632.767	1310.01
633.543	1285.14
633.002	1258.13
630.677	1229.09
626.193	1198.29
619.336	1166.14
610.088	1133.16
598.647	1099.97
585.404	1067.22
570.897	1035.55
555.735	1005.53
540.525	977.66
525.788	952.256
511.903	929.474
499.069	909.269
487.296	891.4
476.424	875.464
466.166	860.939
456.151	847.248
445.982	833.817
