426.677	1860.16
435.154	1845.32
444.189	1829.94
453.685	1814.01
463.541	1797.51
473.659	1780.42
483.94	1762.71
494.289	1744.38
504.613	1725.4
514.82	1705.76
524.822	1685.43
534.535	1664.4
543.882	1642.67
552.787	1620.23
561.183	1597.06
569.007	1573.18
576.203	1548.57
582.723	1523.25
588.524	1497.21
593.573	1470.47
597.841	1443.04
601.309	1414.94
603.968	1386.2
605.815	1356.83
606.861	1326.9
607.126	1296.44
606.641	1265.53
605.451	1234.24
603.616	1202.67
601.206	1170.92
598.308	1139.13
595.018	1107.42
591.446	1075.94
587.706	1044.85
583.921	1014.3
580.215	984.441
576.709	955.431
573.52	927.404
570.753	900.481
568.503	874.766
566.848	850.343
565.851	827.27
565.555	805.586
565.988	785.305
567.157	766.423
569.058	748.92
571.668	732.76
574.958	717.897
578.887	704.279
583.405	691.849
588.462	680.547
594.002	670.315
599.968	661.097
606.303	652.838
612.953	645.486
619.863	638.994
626.981	633.317
634.261	628.413
641.655	624.243
649.123	620.77
656.626	617.958
664.129	615.777
671.603	614.196
679.021	613.19
686.361	612.735
693.608	612.813
700.75	613.409
707.782	614.514
714.705	616.124
721.527	618.242
728.26	620.878
734.928	624.044
741.556	627.765
748.179	632.065
754.835	636.977
761.568	642.537
768.423	648.783
775.446	655.757
782.682	663.497
790.172	672.043
797.949	681.426
806.039	691.676
814.457	702.812
823.205	714.845
832.274	727.776
841.642	741.591
851.275	756.268
861.129	771.769
871.152	788.044
881.289	805.033
891.482	822.662
901.672	840.85
911.808	859.509
921.842	878.541
931.735	897.85
941.456	917.335
950.985	936.897
960.313	956.438
969.439	975.869
978.373	995.103
987.135	1014.07
995.749	1032.69
1004.25	1050.93
1012.67	1068.73
1021.07	1086.07
1029.47	1102.93
1037.92	1119.3
1046.48	1135.19
1055.18	1150.63
1064.04	1165.63
1073.12	1180.23
1082.41	1194.47
1091.93	1208.39
1101.68	1222.04
1111.65	1235.46
1121.81	1248.69
1132.12	1261.77
1142.54	1274.73
1153.02	1287.62
1163.5	1300.45
1173.9	1313.25
1184.16	1326.05
1194.2	1338.87
1203.95	1351.73
1213.34	1364.67
1222.31	1377.7
1230.78	1390.87
1238.69	1404.21
1245.98	1417.76
1252.61	1431.57
1258.51	1445.67
1263.65	1460.11
1267.99	1474.94
1271.49	1490.2
1274.12	1505.93
1275.88	1522.17
1276.74	1538.94
1276.7	1556.27
1275.77	1574.17
1273.95	1592.64
1271.27	1611.68
1267.74	1631.27
1263.41	1651.37
1258.31	1671.93
1252.49	1692.91
1246.01	1714.23
1238.93	1735.81
1231.31	1757.55
1223.22	1779.34
1214.75	1801.07
1205.97	1822.63
1196.98	1843.87
1187.86	1864.69
1178.69	1884.95
1169.57	1904.55
1160.57	1923.36
1151.79	1941.31
1143.28	1958.31
1135.11	1974.3
1127.34	1989.24
1120	2003.12
1113.12	2015.92
1106.72	2027.66
1100.81	2038.39
1095.37	2048.15
1090.4	2057.01
1085.86	2065.02
1081.74	2072.27
1077.98	2078.83
1074.55	2084.8
1071.4	2090.23
1068.47	2095.22
1065.72	2099.81
1063.08	2104.08
1060.49	2108.09
1057.89	2111.86
1055.21	2115.45
1052.37	2118.87
1049.31	2122.16
1045.93	2125.32
1042.16	2128.37
1037.9	2131.29
1033.08	2134.09
1027.6	2136.75
1021.37	2139.26
1014.3	2141.59
1006.32	2143.71
997.334	2145.6
987.286	2147.23
976.111	2148.56
963.761	2149.56
950.203	2150.19
935.419	2150.43
919.407	2150.24
902.186	2149.59
883.793	2148.46
864.282	2146.85
843.73	2144.73
822.229	2142.11
799.891	2138.98
776.841	2135.37
753.219	2131.29
729.179	2126.77
704.882	2121.83
680.496	2116.52
656.196	2110.86
632.156	2104.89
608.55	2098.65
585.547	2092.18
563.311	2085.49
541.994	2078.62
521.739	2071.59
502.674	2064.39
484.913	2057.05
468.55	2049.54
453.666	2041.85
440.322	2033.98
428.56	2025.89
418.406	2017.56
409.869	2008.95
402.942	2000.03
397.601	1990.77
393.812	1981.15
391.528	1971.13
390.689	1960.68
391.23	1949.8
393.075	1938.46
396.143	1926.64
400.348	1914.34
405.598	1901.55
411.801	1888.27
418.86	1874.47
