639.329	868.717
618.285	849.488
597.787	830.625
578.373	812.013
560.502	793.573
544.494	775.255
530.493	757.03
518.481	738.881
508.314	720.811
499.774	702.84
492.624	685.016
486.651	667.413
481.701	650.141
477.688	633.346
474.592	617.215
472.439	601.963
471.272	587.82
471.118	574.999
471.963	563.674
473.753	553.953
476.407	545.871
479.859	539.4
484.098	534.466
489.213	530.985
495.42	528.893
503.068	528.183
512.624	528.937
524.632	531.346
539.644	535.716
558.137	542.455
580.42	552.028
606.566	564.892
636.372	581.407
669.371	601.746
704.872	625.816
742.032	653.205
779.919	683.181
817.578	714.731
854.101	746.659
888.696	777.723
920.761	806.784
949.955	832.94
976.227	855.607
999.819	874.536
1021.22	889.772
1041.08	901.572
1060.16	910.32
1079.24	916.442
1099.04	920.351
1120.18	922.412
1143.16	922.925
1168.26	922.118
1195.56	920.159
1224.94	917.173
1256.05	913.267
1288.41	908.566
1321.42	903.244
1354.5	897.568
1387.1	891.925
1418.79	886.837
1449.27	882.953
1478.41	881.012
1506.19	881.78
1532.75	885.966
1558.28	894.13
1583.05	906.594
1607.26	923.377
1631.04	944.161
1654.34	968.31
1676.95	994.942
1698.51	1023.04
1718.56	1051.59
1736.62	1079.67
1752.25	1106.58
1765.12	1131.82
1774.98	1155.14
1781.71	1176.53
1785.24	1196.17
1785.56	1214.39
1782.61	1231.67
1776.33	1248.56
1766.6	1265.61
1753.24	1283.34
1736.09	1302.21
1715.04	1322.48
1690.17	1344.26
1661.8	1367.38
1630.6	1391.41
1597.59	1415.69
1563.98	1439.38
1531.08	1461.63
1500.01	1481.65
1471.59	1498.89
1446.22	1513.06
1423.95	1524.14
1404.52	1532.37
1387.53	1538.15
1372.54	1542.01
1359.16	1544.5
1347.08	1546.17
1336.09	1547.54
1325.98	1549.05
1316.61	1551.12
1307.8	1554.08
1299.35	1558.25
1291.07	1563.87
1282.74	1571.2
1274.18	1580.41
1265.24	1591.66
1255.85	1605.05
1245.98	1620.63
1235.69	1638.43
1225.04	1658.43
1214.14	1680.6
1203.06	1704.9
1191.85	1731.24
1180.45	1759.48
1168.72	1789.4
1156.46	1820.65
1143.4	1852.79
1129.28	1885.25
1113.91	1917.44
1097.22	1948.75
1079.25	1978.63
1060.19	2006.66
1040.29	2032.53
1019.87	2056.13
999.207	2077.46
978.551	2096.67
958.099	2113.98
938.024	2129.63
918.504	2143.85
899.747	2156.79
881.993	2168.51
865.495	2179.04
850.481	2188.32
837.107	2196.29
825.422	2202.87
815.347	2208.03
806.683	2211.73
799.136	2213.98
792.354	2214.79
785.967	2214.17
779.619	2212.13
772.986	2208.71
765.793	2203.94
757.812	2197.94
748.862	2190.87
738.807	2182.98
727.548	2174.57
715.017	2166.02
701.176	2157.71
686.016	2150.01
669.566	2143.18
651.892	2137.42
633.106	2132.77
613.356	2129.17
592.814	2126.47
571.65	2124.46
549.998	2122.94
527.93	2121.68
505.426	2120.52
482.383	2119.3
458.654	2117.91
434.116	2116.25
408.761	2114.2
382.783	2111.64
356.636	2108.4
331.076	2104.24
307.167	2098.79
286.272	2091.54
269.999	2081.81
260.084	2068.81
258.162	2051.74
265.432	2029.97
282.283	2003.25
308.001	1971.93
340.744	1937
377.846	1899.91
416.382	1862.34
453.764	1825.85
488.162	1791.59
518.626	1760.21
544.953	1731.87
567.446	1706.34
586.671	1683.12
603.279	1661.58
617.909	1641.05
631.139	1620.87
643.472	1600.51
655.326	1579.53
667.028	1557.69
678.814	1534.93
690.828	1511.38
703.126	1487.4
715.694	1463.5
728.465	1440.31
741.351	1418.54
754.264	1398.81
767.13	1381.62
779.902	1367.26
792.542	1355.77
805.012	1346.94
817.242	1340.42
829.12	1335.77
840.477	1332.52
851.1	1330.21
860.744	1328.47
869.168	1326.92
876.154	1325.25
881.528	1323.14
885.169	1320.26
887.006	1316.21
887.012	1310.54
885.194	1302.71
881.591	1292.15
876.267	1278.31
869.309	1260.78
860.832	1239.39
850.97	1214.33
839.871	1186.15
827.694	1155.74
814.586	1124.12
800.669	1092.36
786.02	1061.32
770.658	1031.66
754.541	1003.72
737.583	977.619
719.691	953.277
700.812	930.488
680.984	908.981
660.381	888.476
