541.796	883.149
524.762	867.865
511.054	853.809
500.45	840.535
492.597	827.637
487.076	814.784
483.457	801.754
481.349	788.471
480.426	775.02
480.44	761.644
481.227	748.719
482.684	736.684
484.742	725.957
487.335	716.845
490.381	709.48
493.777	703.798
497.425	699.577
501.257	696.491
505.266	694.183
509.524	692.314
514.18	690.584
519.455	688.75
525.626	686.616
533.009	684.038
541.942	680.925
552.762	677.253
565.781	673.076
581.254	668.554
599.343	663.961
620.071	659.691
643.279	656.239
668.607	654.162
695.513	654.018
723.348	656.301
751.455	661.384
779.281	669.481
806.436	680.629
832.701	694.678
857.981	711.288
882.227	729.934
905.375	749.93
927.315	770.475
947.913	790.725
967.058	809.881
984.721	827.266
1001.01	842.38
1016.2	854.913
1030.71	864.726
1045.11	871.811
1060.08	876.238
1076.37	878.117
1094.7	877.573
1115.78	874.742
1140.14	869.795
1168.12	862.965
1199.79	854.587
1234.91	845.127
1272.94	835.211
1313.1	825.626
1354.5	817.309
1396.22	811.308
1437.5	808.725
1477.76	810.635
1516.62	817.975
1553.84	831.41
1589.23	851.176
1622.54	876.956
1653.45	907.824
1681.53	942.329
1706.34	978.712
1727.49	1015.2
1744.71	1050.31
1757.85	1083
1766.88	1112.76
1771.76	1139.51
1772.41	1163.48
1768.63	1185.11
1760.14	1204.96
1746.59	1223.62
1727.66	1241.71
1703.17	1259.82
1673.24	1278.5
1638.42	1298.16
1599.79	1319.09
1558.92	1341.32
1517.85	1364.7
1478.74	1388.85
1443.62	1413.26
1414.02	1437.37
1390.75	1460.67
1373.83	1482.74
1362.6	1503.33
1355.95	1522.33
1352.54	1539.74
1351.06	1555.7
1350.31	1570.4
1349.29	1584.11
1347.23	1597.1
1343.58	1609.66
1338.01	1622.08
1330.41	1634.61
1320.86	1647.46
1309.63	1660.75
1297.11	1674.51
1283.83	1688.61
1270.31	1702.86
1257.11	1716.99
1244.69	1730.73
1233.39	1743.9
1223.41	1756.45
1214.81	1768.46
1207.49	1780.15
1201.29	1791.8
1195.92	1803.76
1191.09	1816.33
1186.46	1829.76
1181.67	1844.24
1176.41	1859.85
1170.38	1876.61
1163.37	1894.44
1155.25	1913.15
1146.05	1932.46
1135.94	1951.99
1125.21	1971.3
1114.25	1989.94
1103.47	2007.53
1093.22	2023.78
1083.73	2038.6
1075.1	2052.05
1067.24	2064.31
1059.95	2075.69
1052.86	2086.53
1045.54	2097.17
1037.46	2107.87
1028.08	2118.82
1016.92	2130.09
1003.63	2141.6
988.068	2153.2
970.396	2164.63
951.07	2175.65
930.79	2186
910.372	2195.47
890.59	2203.91
872.037	2211.22
855.039	2217.32
839.634	2222.15
825.609	2225.65
812.559	2227.75
799.949	2228.37
787.18	2227.43
773.653	2224.89
758.832	2220.73
742.31	2215
723.867	2207.85
703.494	2199.44
681.386	2190.04
657.889	2179.87
633.423	2169.17
608.404	2158.12
583.177	2146.86
557.991	2135.51
532.995	2124.13
508.254	2112.8
483.788	2101.56
459.614	2090.44
435.812	2079.45
412.599	2068.53
390.411	2057.56
369.943	2046.32
352.142	2034.52
338.127	2021.78
329.061	2007.66
326.002	1991.68
329.756	1973.41
340.766	1952.49
359.022	1928.68
384.022	1901.95
414.757	1872.48
449.75	1840.68
487.145	1807.18
524.866	1772.73
560.824	1738.14
593.169	1704.13
620.515	1671.19
642.081	1639.59
657.725	1609.34
667.848	1580.32
673.234	1552.46
674.87	1525.78
673.791	1500.49
670.971	1476.94
667.258	1455.49
663.344	1436.47
659.764	1420.02
656.901	1406.1
655.012	1394.49
654.248	1384.87
654.689	1376.85
656.364	1370.07
659.27	1364.21
663.397	1359.04
668.738	1354.38
675.301	1350.13
683.112	1346.25
692.213	1342.72
702.643	1339.56
714.418	1336.78
727.502	1334.37
741.769	1332.31
756.987	1330.51
772.795	1328.84
788.713	1327.07
804.154	1324.87
818.468	1321.8
830.979	1317.28
841.029	1310.64
848.011	1301.1
851.39	1287.91
850.734	1270.45
845.74	1248.42
836.263	1221.95
822.341	1191.62
804.2	1158.46
782.251	1123.7
757.075	1088.64
729.408	1054.46
700.114	1022.09
670.145	992.161
640.487	965.012
612.083	940.726
585.767	919.182
562.195	900.113
