692.312	957.443
671.816	933.869
646.86	908.467
617.416	881.414
583.895	852.987
547.175	823.59
508.544	793.758
469.551	764.147
431.814	735.492
396.812	708.547
365.725	683.992
339.328	662.342
317.967	643.875
301.603	628.602
289.916	616.285
282.426	606.506
278.623	598.743
278.051	592.454
280.367	587.137
285.34	582.374
292.82	577.849
302.692	573.356
314.821	568.807
329.016	564.222
345.023	559.724
362.535	555.528
381.235	551.914
400.85	549.21
421.223	547.773
442.36	547.972
464.473	550.18
487.973	554.776
513.433	562.137
541.499	572.637
572.761	586.614
607.614	604.317
646.117	625.821
687.89	650.914
732.088	679.006
777.463	709.095
822.518	739.834
865.728	769.713
905.771	797.303
941.731	821.489
973.197	841.607
1000.27	857.458
1023.46	869.217
1043.53	877.287
1061.37	882.171
1077.81	884.382
1093.57	884.407
1109.18	882.702
1124.98	879.709
1141.19	875.876
1157.94	871.673
1175.38	867.601
1193.73	864.203
1213.35	862.068
1234.75	861.836
1258.58	864.177
1285.57	869.759
1316.37	879.183
1351.38	892.9
1390.57	911.116
1433.37	933.712
1478.55	960.187
1524.44	989.65
1569.09	1020.88
1610.63	1052.47
1647.53	1082.99
1678.76	1111.23
1703.8	1136.34
1722.55	1157.91
1735.16	1175.95
1741.79	1190.8
1742.58	1202.99
1737.54	1213.14
1726.58	1221.87
1709.68	1229.8
1687	1237.47
1659.03	1245.4
1626.66	1254.05
1591.14	1263.86
1553.98	1275.16
1516.74	1288.22
1480.84	1303.16
1447.5	1319.94
1417.57	1338.32
1391.61	1357.87
1369.81	1378.02
1352.16	1398.14
1338.41	1417.65
1328.25	1436.12
1321.3	1453.33
1317.21	1469.32
1315.66	1484.33
1316.35	1498.75
1319	1513.03
1323.26	1527.58
1328.74	1542.73
1334.92	1558.71
1341.22	1575.66
1346.99	1593.65
1351.57	1612.68
1354.37	1632.76
1354.94	1653.88
1352.97	1675.98
1348.42	1698.94
1341.46	1722.52
1332.51	1746.39
1322.14	1770.12
1311.04	1793.2
1299.82	1815.21
1289.02	1835.78
1278.94	1854.75
1269.67	1872.18
1261.12	1888.31
1253.06	1903.58
1245.18	1918.54
1237.19	1933.79
1228.82	1949.87
1219.95	1967.23
1210.52	1986.12
1200.64	2006.56
1190.5	2028.33
1180.35	2050.99
1170.45	2073.9
1160.98	2096.37
1151.99	2117.71
1143.39	2137.37
1134.9	2154.95
1126.13	2170.23
1116.61	2183.15
1105.86	2193.78
1093.42	2202.28
1078.96	2208.85
1062.33	2213.68
1043.57	2216.92
1022.97	2218.67
1000.94	2218.89
978.057	2217.44
954.896	2214.07
932.03	2208.4
909.973	2200.05
889.162	2188.65
869.941	2174
852.547	2156.14
837.087	2135.42
823.518	2112.53
811.634	2088.41
801.058	2064.15
791.26	2040.89
781.587	2019.72
771.313	2001.55
759.694	1987.14
746.027	1976.99
729.7	1971.35
710.236	1970.2
687.327	1973.24
660.848	1979.92
630.876	1989.49
597.703	2001.02
561.85	2013.55
524.067	2026.12
485.315	2037.88
446.702	2048.12
409.39	2056.3
374.478	2062.1
342.92	2065.29
315.481	2065.77
292.755	2063.43
275.212	2058.06
263.249	2049.36
257.219	2036.83
257.43	2019.83
264.099	1997.61
277.277	1969.46
296.729	1934.91
321.821	1893.88
351.461	1846.92
384.142	1795.21
418.129	1740.53
451.722	1685.01
483.516	1630.84
512.548	1580.01
538.335	1534.08
560.804	1494.06
580.173	1460.35
596.841	1432.8
611.289	1410.81
624.004	1393.52
635.431	1379.99
645.942	1369.34
655.828	1360.81
665.309	1353.85
674.554	1348.02
683.716	1343.03
692.956	1338.68
702.462	1334.79
712.45	1331.2
723.134	1327.76
734.677	1324.28
747.128	1320.57
760.362	1316.4
774.044	1311.53
787.635	1305.7
800.437	1298.66
811.696	1290.2
820.717	1280.15
826.975	1268.47
830.193	1255.18
830.372	1240.47
827.773	1224.64
822.86	1208.1
816.24	1191.34
808.575	1174.91
800.513	1159.31
792.614	1144.96
785.296	1132.12
778.81	1120.84
773.236	1110.96
768.513	1102.15
764.473	1093.97
760.884	1085.93
757.474	1077.52
753.947	1068.28
749.979	1057.81
745.21	1045.81
739.223	1032.05
731.531	1016.38
721.568	998.735
708.709	979.083
