594.977	904.542
576.864	884.44
559.767	867.129
544.086	852.298
530.023	839.497
517.57	828.18
506.521	817.769
496.501	807.698
487.023	797.468
477.548	786.677
467.562	775.048
456.653	762.439
444.59	748.853
431.391	734.427
417.35	719.408
403.031	704.122
389.218	688.93
376.843	674.178
366.9	660.164
360.376	647.108
358.192	635.138
361.155	624.292
369.917	614.53
384.926	605.75
406.371	597.824
434.12	590.634
467.658	584.108
506.032	578.249
547.841	573.13
591.287	568.866
634.332	565.562
674.958	563.258
711.475	561.917
742.786	561.437
768.516	561.699
788.964	562.616
804.918	564.173
817.438	566.444
827.662	569.603
836.708	573.912
845.634	579.705
855.458	587.35
867.183	597.18
881.796	609.404
900.251	623.994
923.403	640.595
951.943	658.494
986.33	676.679
1026.74	693.999
1073	709.38
1124.56	722.035
1180.42	731.629
1239.12	738.345
1298.85	742.858
1357.56	746.218
1413.26	749.684
1464.22	754.532
1509.23	761.878
1547.66	772.553
1579.48	787.038
1605.13	805.464
1625.32	827.648
1640.88	853.157
1652.58	881.378
1661.01	911.572
1666.59	942.926
1669.53	974.597
1669.89	1005.75
1667.58	1035.62
1662.45	1063.55
1654.32	1089.04
1643.05	1111.82
1628.59	1131.84
1611.03	1149.22
1590.68	1164.25
1567.97	1177.3
1543.5	1188.81
1517.92	1199.28
1491.92	1209.25
1466.19	1219.32
1441.36	1230.1
1417.98	1242.2
1396.55	1256.11
1377.44	1272.2
1360.93	1290.57
1347.16	1311.07
1336.17	1333.27
1327.92	1356.56
1322.28	1380.23
1319.14	1403.59
1318.38	1426.11
1319.9	1447.46
1323.58	1467.45
1329.28	1486.04
1336.77	1503.26
1345.72	1519.18
1355.66	1533.84
1366.05	1547.31
1376.31	1559.66
1385.84	1570.98
1394.06	1581.4
1400.44	1591.14
1404.5	1600.51
1405.83	1609.88
1404.08	1619.69
1399.02	1630.4
1390.59	1642.46
1378.96	1656.26
1364.5	1672.1
1347.87	1690.23
1329.85	1710.83
1311.32	1734.05
1293.12	1760.01
1275.95	1788.77
1260.27	1820.32
1246.29	1854.47
1233.97	1890.91
1223.07	1929.13
1213.26	1968.46
1204.22	2008.11
1195.72	2047.14
1187.64	2084.57
1179.97	2119.38
1172.79	2150.64
1166.16	2177.66
1160.08	2200.05
1154.44	2217.8
1149	2231.23
1143.43	2240.85
1137.28	2247.23
1130.06	2250.93
1121.27	2252.42
1110.4	2252.08
1097.03	2250.26
1080.86	2247.25
1061.78	2243.36
1039.93	2238.89
1015.75	2234.13
989.949	2229.27
963.42	2224.44
937.144	2219.6
912.022	2214.63
888.751	2209.31
867.75	2203.36
849.143	2196.56
832.815	2188.7
818.482	2179.7
805.765	2169.61
794.234	2158.57
783.425	2146.85
772.821	2134.73
761.841	2122.55
749.824	2110.57
736.03	2099.03
719.686	2088.12
700.052	2077.93
676.544	2068.53
648.885	2059.91
617.261	2052.02
582.448	2044.72
545.836	2037.84
509.312	2031.16
475.001	2024.46
444.896	2017.52
420.501	2010.22
402.59	2002.47
391.192	1994.26
385.758	1985.59
385.439	1976.41
389.358	1966.61
396.793	1956
407.24	1944.37
420.395	1931.51
436.08	1917.25
454.152	1901.5
474.415	1884.32
496.544	1865.88
520.035	1846.54
544.188	1826.83
568.156	1807.4
591.054	1788.93
612.117	1772.06
630.847	1757.26
647.092	1744.74
661.036	1734.48
673.102	1726.22
683.814	1719.52
693.681	1713.8
703.119	1708.34
712.425	1702.27
721.795	1694.63
731.366	1684.4
741.261	1670.59
751.623	1652.43
762.599	1629.55
774.277	1602.15
786.573	1571.03
799.129	1537.55
811.264	1503.36
822.039	1470.1
830.435	1439.17
835.577	1411.51
836.941	1387.57
834.463	1367.41
828.525	1350.79
819.853	1337.29
809.355	1326.43
797.972	1317.74
786.548	1310.77
775.759	1305.09
766.068	1300.33
757.733	1296.11
750.83	1292.09
745.297	1287.91
740.978	1283.21
737.664	1277.6
735.125	1270.71
733.123	1262.17
731.413	1251.62
729.741	1238.76
727.828	1223.31
725.361	1205.1
722	1184.01
717.382	1160.06
711.159	1133.46
703.032	1104.61
692.8	1074.13
680.393	1042.86
665.912	1011.71
649.632	981.609
631.993	953.358
613.563	927.55
