606.905	870.777
590.203	859.225
573.943	847.361
558.489	834.98
544.048	821.842
530.672	807.701
518.272	792.337
506.65	775.575
495.551	757.289
484.746	737.435
474.137	716.083
463.858	693.48
454.316	670.084
446.15	646.568
440.073	623.741
436.668	602.423
436.191	583.299
438.486	566.814
443.026	553.147
449.063	542.24
455.82	533.871
462.659	527.741
469.18	523.537
475.259	520.997
481.033	519.948
486.869	520.342
493.347	522.277
501.253	526.014
511.578	531.981
525.485	540.743
544.208	552.939
568.853	569.157
600.113	589.764
637.985	614.733
681.599	643.51
729.281	675.003
778.861	707.707
828.133	739.938
875.298	770.098
919.243	796.884
959.612	819.394
996.694	837.123
1031.21	849.901
1064.09	857.819
1096.18	861.175
1128.14	860.463
1160.22	856.368
1192.21	849.768
1223.54	841.722
1253.28	833.438
1280.44	826.211
1304.1	821.357
1323.73	820.118
1339.27	823.562
1351.35	832.47
1361.23	847.241
1370.77	867.834
1382.25	893.786
1398.01	924.296
1419.97	958.349
1449.15	994.794
1485.23	1032.36
1526.45	1069.66
1570.03	1105.21
1612.81	1137.63
1651.97	1165.92
1685.46	1189.66
1712.09	1209.07
1731.44	1224.83
1743.59	1237.84
1748.91	1249.08
1747.93	1259.4
1741.24	1269.48
1729.43	1279.83
1713.07	1290.77
1692.74	1302.48
1669.05	1314.98
1642.67	1328.21
1614.42	1342.01
1585.27	1356.21
1556.32	1370.61
1528.73	1385.1
1503.5	1399.64
1481.4	1414.27
1462.86	1429.11
1448.04	1444.28
1436.85	1459.87
1429.11	1475.87
1424.56	1492.16
1422.87	1508.52
1423.62	1524.7
1426.32	1540.4
1430.4	1555.3
1435.25	1569.15
1440.26	1581.72
1444.85	1592.9
1448.55	1602.71
1451	1611.34
1451.91	1619.11
1451.03	1626.46
1448.14	1633.92
1442.95	1642.03
1435.19	1651.34
1424.64	1662.32
1411.25	1675.27
1395.22	1690.3
1377.05	1707.25
1357.57	1725.74
1337.75	1745.19
1318.58	1765
1300.85	1784.56
1285.04	1803.39
1271.3	1821.14
1259.47	1837.65
1249.2	1852.91
1239.97	1867.11
1231.28	1880.6
1222.64	1893.81
1213.67	1907.23
1204.12	1921.31
1193.93	1936.38
1183.24	1952.61
1172.33	1970.04
1161.61	1988.59
1151.52	2008.17
1142.45	2028.66
1134.66	2049.94
1128.27	2071.85
1123.15	2094.11
1118.97	2116.33
1115.17	2138.01
1111	2158.59
1105.55	2177.48
1097.77	2194.18
1086.55	2208.27
1070.77	2219.46
1049.43	2227.56
1021.79	2232.51
987.6	2234.36
947.218	2233.31
901.718	2229.63
852.812	2223.75
802.605	2216.14
753.223	2207.34
706.453	2197.87
663.51	2188.24
624.972	2178.85
590.87	2170.02
560.823	2161.98
534.172	2154.82
510.073	2148.55
487.562	2143.09
465.618	2138.29
443.24	2133.95
419.538	2129.88
393.854	2125.92
365.876	2121.94
335.728	2117.88
304.006	2113.75
271.713	2109.61
240.108	2105.52
210.494	2101.55
184.019	2097.68
161.542	2093.86
143.602	2089.94
130.481	2085.66
122.323	2080.67
119.272	2074.52
121.585	2066.6
129.674	2056.2
144.063	2042.58
165.231	2025.01
193.399	2002.98
228.286	1976.34
268.932	1945.52
313.663	1911.53
360.251	1875.95
406.243	1840.63
449.379	1807.37
487.952	1777.56
520.991	1752.04
548.266	1731.05
570.129	1714.35
587.299	1701.45
600.659	1691.72
611.103	1684.54
619.466	1679.39
626.496	1675.82
632.859	1673.47
639.149	1672
645.891	1671.07
653.522	1670.24
662.356	1668.91
672.553	1666.26
684.084	1661.23
696.72	1652.6
710.046	1639.2
723.494	1620.2
736.395	1595.4
748.038	1565.48
757.749	1531.89
764.984	1496.63
769.428	1461.72
771.054	1428.82
770.129	1398.96
767.154	1372.51
762.761	1349.3
757.6	1328.72
752.238	1309.98
747.105	1292.17
742.472	1274.39
738.477	1255.84
735.158	1235.89
732.488	1214.18
730.392	1190.64
728.745	1165.52
727.376	1139.36
726.076	1112.86
724.624	1086.79
722.82	1061.83
720.508	1038.52
717.569	1017.17
713.906	997.928
709.409	980.743
703.927	965.42
697.252	951.652
689.147	939.059
679.386	927.245
667.829	915.858
654.493	904.637
639.599	893.426
623.558	882.153
