523.623	897.168
508.508	879.786
496.972	865.371
488.486	853.119
482.436	842.193
478.228	831.837
475.338	821.445
473.32	810.601
471.802	799.081
470.471	786.826
469.065	773.889
467.386	760.361
465.326	746.306
462.913	731.729
460.363	716.583
458.118	700.815
456.84	684.427
457.334	667.53
460.422	650.379
466.784	633.381
476.834	617.063
490.661	602.009
508.054	588.789
528.582	577.873
551.707	569.588
576.87	564.096
603.543	561.412
631.251	561.452
659.579	564.091
688.179	569.218
716.806	576.782
745.372	586.817
773.985	599.441
802.957	614.805
832.727	632.991
863.716	653.871
896.168	676.966
930.029	701.378
964.935	725.848
1000.3	748.947
1035.45	769.327
1069.79	785.957
1102.84	798.258
1134.26	806.128
1163.86	809.876
1191.5	810.112
1217.17	807.607
1240.92	803.153
1262.97	797.45
1283.66	791.02
1303.5	784.183
1323.06	777.081
1342.91	769.742
1363.5	762.161
1385.08	754.372
1407.66	746.51
1430.94	738.853
1454.37	731.833
1477.23	726.023
1498.8	722.096
1518.49	720.788
1535.88	722.858
1550.8	729.06
1563.09	740.094
1572.45	756.523
1578.28	778.642
1579.54	806.342
1574.98	839.002
1563.51	875.495
1544.7	914.294
1519.21	953.687
1488.83	992.015
1456.14	1027.9
1423.95	1060.37
1394.57	1088.94
1369.46	1113.51
1349.18	1134.33
1333.56	1151.83
1322.08	1166.53
1314.11	1179.05
1309.1	1189.98
1306.67	1199.96
1306.55	1209.6
1308.62	1219.51
1312.8	1230.24
1319	1242.25
1327.09	1255.84
1336.77	1271.14
1347.63	1288.04
1359.08	1306.24
1370.44	1325.33
1381.01	1344.95
1390.18	1364.9
1397.42	1385.24
1402.34	1406.33
1404.55	1428.76
1403.74	1453.2
1399.58	1480.28
1391.8	1510.42
1380.32	1543.64
1365.36	1579.59
1347.51	1617.44
1327.74	1656.14
1307.22	1694.55
1287.12	1731.73
1268.32	1767.07
1251.32	1800.39
1236.2	1831.76
1222.71	1861.4
1210.39	1889.52
1198.75	1916.24
1187.31	1941.6
1175.76	1965.56
1163.96	1988.02
1151.91	2008.9
1139.8	2028.09
1127.88	2045.54
1116.47	2061.22
1105.84	2075.21
1096.2	2087.72
1087.59	2099.02
1079.89	2109.48
1072.8	2119.5
1065.82	2129.42
1058.3	2139.48
1049.49	2149.84
1038.65	2160.47
1025.19	2171.23
1008.78	2181.79
989.513	2191.67
967.843	2200.28
944.573	2207.03
920.671	2211.4
897.1	2213.04
874.682	2211.81
854.033	2207.72
835.541	2200.93
819.382	2191.69
805.548	2180.36
793.879	2167.38
784.109	2153.28
775.921	2138.62
768.994	2124.02
763.043	2110.08
757.826	2097.34
753.136	2086.24
748.765	2077.02
744.467	2069.77
739.92	2064.42
734.704	2060.79
728.295	2058.69
720.067	2057.94
709.326	2058.36
695.347	2059.8
677.436	2062.12
654.978	2065.11
627.481	2068.53
594.629	2072.06
556.384	2075.37
513.155	2078.11
466.004	2079.96
416.762	2080.69
367.951	2080.14
322.446	2078.28
282.981	2075.13
251.654	2070.79
229.631	2065.38
217.083	2059.04
213.345	2051.9
217.18	2044.1
227.063	2035.77
241.412	2027.06
258.76	2018.1
277.87	2009
297.814	1999.83
318.032	1990.56
338.364	1981.04
359.032	1971.03
380.578	1960.17
403.725	1948.08
429.21	1934.38
457.57	1918.86
488.941	1901.54
522.902	1882.72
558.444	1863.01
594.084	1843.21
628.14	1824.15
659.051	1806.58
685.652	1790.96
707.319	1777.46
723.951	1765.94
735.853	1756.03
743.566	1747.17
747.722	1738.73
748.945	1730.05
747.82	1720.46
744.889	1709.31
740.667	1695.97
735.664	1679.8
730.409	1660.3
725.475	1637.16
721.49	1610.47
719.127	1580.8
719.029	1549.15
721.695	1516.86
727.361	1485.33
735.926	1455.78
746.944	1429.15
759.694	1405.96
773.284	1386.34
786.78	1370.1
799.31	1356.8
810.138	1345.8
818.71	1336.36
824.657	1327.67
827.784	1318.92
828.036	1309.28
825.449	1298.01
820.098	1284.43
812.035	1268.05
801.261	1248.55
787.712	1225.81
771.284	1199.89
751.897	1171.04
729.573	1139.64
704.523	1106.27
677.232	1071.72
648.501	1036.98
619.429	1003.21
591.295	971.55
565.353	942.987
542.605	918.14
