666.288	882.966
648.949	858.84
631.666	834.419
614.739	809.824
598.516	785.361
583.325	761.393
569.442	738.233
557.088	716.07
546.428	694.967
537.576	674.897
530.593	655.807
525.485	637.671
522.213	620.538
520.71	604.543
520.91	589.888
522.792	576.804
526.414	565.489
531.943	556.068
539.664	548.579
549.954	542.995
563.214	539.26
579.764	537.335
599.715	537.202
622.861	538.86
648.632	542.309
676.147	547.542
704.384	554.561
732.394	563.409
759.506	574.211
785.424	587.192
810.225	602.663
834.244	620.969
857.922	642.381
881.641	666.958
905.572	694.401
929.58	723.936
953.228	754.32
975.874	783.997
996.875	811.392
1015.78	835.22
1032.5	854.694
1047.27	869.562
1060.68	879.985
1073.47	886.353
1086.46	889.12
1100.39	888.717
1115.9	885.516
1133.48	879.856
1153.5	872.066
1176.25	862.479
1202.02	851.44
1231.08	839.338
1263.62	826.669
1299.54	814.136
1338.4	802.71
1379.39	793.645
1421.45	788.377
1463.53	788.376
1504.74	794.959
1544.45	809.109
1582.29	831.312
1618	861.417
1651.37	898.53
1682.12	940.987
1709.87	986.461
1734.17	1032.22
1754.62	1075.54
1770.97	1114.17
1783.2	1146.75
1791.48	1172.89
1796.11	1193.09
1797.36	1208.46
1795.34	1220.32
1789.92	1229.97
1780.79	1238.58
1767.5	1247.1
1749.66	1256.23
1727.14	1266.44
1700.16	1277.91
1669.36	1290.6
1635.68	1304.28
1600.21	1318.62
1564.07	1333.34
1528.25	1348.23
1493.65	1363.2
1461.09	1378.26
1431.27	1393.41
1404.75	1408.59
1381.94	1423.6
1363.07	1438.16
1348.17	1451.94
1337.13	1464.72
1329.75	1476.4
1325.77	1487.1
1324.9	1497.06
1326.86	1506.65
1331.33	1516.21
1337.91	1526.07
1346.09	1536.45
1355.21	1547.5
1364.48	1559.32
1373.02	1572.05
1379.98	1585.9
1384.57	1601.21
1386.16	1618.45
1384.34	1638.1
1378.9	1660.53
1369.93	1685.82
1357.74	1713.66
1342.82	1743.38
1325.73	1774.12
1307.01	1805
1287.12	1835.33
1266.37	1864.71
1244.98	1893.04
1223.07	1920.39
1200.8	1946.88
1178.42	1972.47
1156.35	1996.82
1135.12	2019.28
1115.34	2039.06
1097.49	2055.47
1081.83	2068.19
1068.33	2077.34
1056.7	2083.44
1046.42	2087.24
1036.8	2089.5
1027.08	2090.83
1016.45	2091.65
1004.07	2092.15
989.257	2092.34
971.524	2092.07
950.776	2091.08
927.393	2089.07
902.232	2085.78
876.506	2081.1
851.557	2075.16
828.601	2068.34
808.512	2061.26
791.721	2054.57
778.208	2048.81
767.601	2044.29
759.301	2041.09
752.613	2039.12
746.84	2038.19
741.335	2038.17
735.516	2038.93
728.865	2040.43
720.923	2042.66
711.284	2045.6
699.58	2049.24
685.475	2053.53
668.655	2058.37
648.842	2063.62
625.83	2069.09
599.543	2074.57
570.079	2079.79
537.699	2084.51
502.803	2088.47
465.928	2091.49
427.794	2093.46
389.355	2094.33
351.791	2094.08
316.406	2092.72
284.505	2090.26
257.292	2086.68
235.813	2081.94
220.895	2075.98
213.061	2068.79
212.417	2060.39
218.549	2050.95
230.47	2040.71
246.69	2030.05
265.42	2019.4
284.886	2009.14
303.652	1999.51
320.837	1990.54
336.177	1982.06
349.944	1973.71
362.777	1965.03
375.519	1955.48
389.075	1944.52
404.309	1931.64
421.93	1916.41
442.36	1898.55
465.579	1878
491.021	1855.01
517.592	1830.1
543.838	1804.07
568.247	1777.81
589.563	1752.15
607.023	1727.68
620.416	1704.65
629.996	1682.93
636.299	1662.11
639.96	1641.63
641.603	1620.94
641.814	1599.75
641.149	1578.01
640.16	1556.01
639.395	1534.2
639.393	1513.07
640.686	1493.02
643.802	1474.31
649.275	1457
657.611	1441.08
669.21	1426.48
684.26	1413.14
702.637	1401
723.861	1389.97
747.131	1379.85
771.416	1370.36
795.566	1361.11
818.419	1351.66
838.885	1341.49
856.01	1330.06
869.021	1316.81
877.347	1301.18
880.648	1282.64
878.839	1260.8
872.126	1235.48
861.025	1206.82
846.343	1175.37
829.085	1142.04
810.311	1107.94
790.972	1074.2
771.78	1041.77
753.14	1011.23
735.163	982.786
717.733	956.255
700.601	931.176
683.507	906.942
