701.686	877.16
685.105	864.419
664.275	849.201
639.248	831.384
610.641	811.201
579.603	789.233
547.605	766.281
516.144	743.19
486.479	720.675
459.522	699.227
435.872	679.11
415.933	660.426
400.02	643.19
388.389	627.391
381.199	613.006
378.443	599.983
379.904	588.23
385.151	577.619
393.586	568.023
404.527	559.354
417.306	551.585
431.375	544.751
446.383	538.918
462.219	534.149
479.009	530.481
497.057	527.916
516.746	526.418
538.421	525.93
562.269	526.388
588.255	527.73
616.122	529.92
645.469	532.968
675.898	536.973
707.199	542.17
739.527	548.973
773.482	557.976
810.028	569.854
850.166	585.143
894.428	603.945
942.403	625.701
992.55	649.219
1042.48	672.955
1089.58	695.425
1131.69	715.528
1167.55	732.658
1196.85	746.659
1220.01	757.687
1237.95	766.077
1251.79	772.219
1262.7	776.482
1271.86	779.158
1280.48	780.434
1289.81	780.4
1301.14	779.091
1315.75	776.583
1334.66	773.134
1358.48	769.333
1387.22	766.204
1420.28	765.216
1456.66	768.181
1495.17	777.053
1534.63	793.63
1573.97	819.196
1612.19	854.12
1648.25	897.519
1680.98	947.147
1709.1	999.672
1731.37	1051.37
1746.76	1098.98
1754.64	1140.47
1754.75	1175.21
1747.13	1203.77
1732.04	1227.44
1709.93	1247.73
1681.52	1265.97
1648.02	1283.14
1611.21	1299.8
1573.52	1316.12
1537.68	1331.92
1506.28	1346.86
1481.12	1360.52
1462.81	1372.58
1450.78	1382.89
1443.64	1391.47
1439.7	1398.49
1437.42	1404.24
1435.62	1409.08
1433.42	1413.4
1430.23	1417.58
1425.56	1421.98
1419.08	1426.9
1410.57	1432.52
1400.01	1438.95
1387.63	1446.14
1373.9	1453.93
1359.48	1462.1
1345.06	1470.43
1331.28	1478.78
1318.61	1487.2
1307.23	1495.89
1297.11	1505.27
1287.97	1515.88
1279.4	1528.32
1270.94	1543.1
1262.21	1560.51
1253.03	1580.5
1243.46	1602.69
1233.79	1626.49
1224.43	1651.29
1215.85	1676.6
1208.43	1702.25
1202.43	1728.4
1197.92	1755.61
1194.76	1784.72
1192.65	1816.78
1191.09	1852.82
1189.57	1893.55
1187.64	1938.93
1185.12	1987.9
1182.09	2038.39
1178.83	2087.65
1175.6	2132.98
1172.56	2172.33
1169.7	2204.64
1166.87	2229.81
1163.83	2248.49
1160.27	2261.7
1155.8	2270.49
1149.91	2275.82
1141.93	2278.37
1131.09	2278.6
1116.5	2276.77
1097.33	2273
1073.08	2267.36
1043.78	2259.88
1010.26	2250.62
974.093	2239.65
937.306	2227.14
901.952	2213.31
869.671	2198.45
841.441	2182.92
817.549	2167.11
797.744	2151.46
781.448	2136.39
767.946	2122.36
756.491	2109.76
746.349	2098.92
736.793	2090.03
727.095	2083.12
716.533	2078.15
704.424	2074.99
690.173	2073.48
673.324	2073.47
653.594	2074.76
630.869	2077.12
605.142	2080.25
576.439	2083.81
544.75	2087.4
510.068	2090.68
472.543	2093.29
432.724	2094.97
391.744	2095.52
351.294	2094.83
313.373	2092.86
279.908	2089.65
252.434	2085.25
231.932	2079.73
218.846	2073.12
213.178	2065.47
214.601	2056.81
222.529	2047.18
236.169	2036.69
254.584	2025.44
276.802	2013.55
301.995	2001.06
329.654	1987.93
359.681	1973.93
392.339	1958.76
428.023	1942.1
466.92	1923.8
508.674	1904
552.192	1883.28
595.73	1862.56
637.228	1842.9
674.791	1825.24
707.087	1810.16
733.524	1797.81
754.179	1787.95
769.57	1780.07
780.409	1773.58
787.402	1767.84
791.139	1762.17
792.056	1755.9
790.453	1748.29
786.564	1738.56
780.653	1725.86
773.102	1709.3
764.47	1688.11
755.494	1661.67
747.024	1629.84
739.917	1593.08
734.889	1552.57
732.388	1510.12
732.508	1467.74
735.005	1427.25
739.404	1389.84
745.13	1355.95
751.602	1325.33
758.252	1297.3
764.495	1271
769.732	1245.66
773.424	1220.74
775.226	1196.04
775.102	1171.66
773.345	1147.9
770.472	1125.07
767.058	1103.37
763.576	1082.77
760.325	1063.05
757.432	1043.93
754.9	1025.23
752.67	1006.95
750.661	989.343
748.778	972.803
746.913	957.727
744.921	944.376
742.613	932.784
739.739	922.741
735.968	913.83
730.871	905.486
723.9	897.055
714.406	887.841
