696.171	919.572
679.119	900.484
658.839	880.21
635.522	858.597
609.643	835.72
581.886	811.911
553.024	787.703
523.794	763.701
494.831	740.447
466.678	718.336
439.861	697.594
414.968	678.341
392.712	660.661
373.918	644.643
359.443	630.363
350.051	617.82
346.335	606.886
348.694	597.304
357.371	588.761
372.469	580.983
393.932	573.822
421.487	567.295
454.589	561.56
492.369	556.853
533.611	553.398
576.757	551.333
619.978	550.655
661.359	551.221
699.161	552.786
732.111	555.087
759.608	557.933
781.77	561.284
799.324	565.296
813.397	570.328
825.299	576.927
836.352	585.787
847.763	597.651
860.519	613.148
875.305	632.589
892.446	655.774
911.95	681.908
933.636	709.667
957.311	737.39
982.93	763.319
1010.67	785.827
1040.94	803.594
1074.21	815.717
1110.92	821.782
1151.26	821.881
1195.09	816.586
1241.82	806.876
1290.53	794.009
1339.94	779.379
1388.58	764.37
1434.94	750.232
1477.63	738.002
1515.58	728.483
1548.19	722.273
1575.44	719.846
1597.83	721.663
1616.27	728.28
1631.88	740.432
1645.74	759.005
1658.65	784.871
1671.01	818.583
1682.63	859.997
1692.81	908.014
1700.4	960.603
1704.06	1015.19
1702.54	1069.23
1694.92	1120.73
1680.85	1168.44
1660.62	1211.82
1635.34	1250.76
1606.86	1285.32
1577.52	1315.56
1549.74	1341.44
1525.46	1362.91
1505.75	1380.03
1490.78	1393.07
1480.01	1402.54
1472.54	1409.15
1467.41	1413.67
1463.75	1416.8
1460.85	1419.16
1458.09	1421.24
1454.91	1423.46
1450.71	1426.19
1444.85	1429.77
1436.69	1434.44
1425.71	1440.26
1411.74	1447.06
1395.07	1454.49
1376.55	1462.07
1357.39	1469.36
1338.86	1476.06
1322.02	1482.02
1307.5	1487.22
1295.49	1491.77
1285.85	1495.85
1278.22	1499.75
1272.14	1503.9
1267.09	1508.84
1262.57	1515.28
1258.08	1524.06
1253.2	1536.02
1247.65	1551.87
1241.36	1571.93
1234.52	1596.03
1227.56	1623.51
1221.04	1653.43
1215.54	1684.88
1211.45	1717.15
1208.98	1749.87
1208.03	1782.92
1208.29	1816.37
1209.23	1850.42
1210.24	1885.32
1210.7	1921.35
1210.07	1958.71
1207.94	1997.38
1204.07	2036.99
1198.47	2076.78
1191.31	2115.56
1182.95	2151.89
1173.73	2184.32
1163.88	2211.72
1153.4	2233.5
1142.04	2249.73
1129.3	2260.94
1114.57	2267.95
1097.23	2271.59
1076.76	2272.55
1052.92	2271.35
1025.81	2268.32
996.066	2263.72
964.824	2257.77
933.573	2250.73
903.872	2242.84
877.02	2234.31
853.815	2225.25
834.473	2215.65
818.723	2205.4
805.995	2194.34
795.622	2182.38
786.981	2169.58
779.539	2156.18
772.843	2142.55
766.465	2129.15
759.925	2116.43
752.604	2104.81
743.656	2094.62
731.927	2086.14
715.938	2079.55
693.982	2074.91
664.37	2072.19
625.828	2071.17
577.959	2071.53
521.629	2072.8
459.141	2074.48
394.072	2076.06
330.756	2077.15
273.479	2077.5
225.635	2076.96
189.144	2075.53
164.362	2073.18
150.434	2069.93
145.863	2065.77
149.016	2060.65
158.438	2054.56
172.955	2047.45
191.654	2039.3
213.788	2030.11
238.707	2019.88
265.85	2008.65
294.819	1996.4
325.494	1983.07
358.061	1968.52
392.872	1952.6
430.156	1935.3
469.697	1916.83
510.674	1897.7
551.758	1878.55
591.413	1859.99
628.226	1842.41
661.097	1825.94
689.27	1810.42
712.261	1795.53
729.78	1780.74
741.676	1765.41
747.92	1748.8
748.626	1730.08
744.098	1708.46
734.896	1683.33
721.88	1654.45
706.203	1622.2
689.223	1587.65
672.346	1552.46
656.835	1518.58
643.658	1487.72
633.419	1460.93
626.396	1438.38
622.665	1419.5
622.241	1403.15
625.197	1387.94
631.693	1372.45
641.892	1355.42
655.742	1335.88
672.707	1313.29
691.567	1287.67
710.481	1259.66
727.388	1230.51
740.627	1201.82
749.451	1175.21
754.147	1151.99
755.74	1132.82
755.478	1117.65
754.408	1105.84
753.187	1096.4
752.109	1088.3
751.227	1080.63
750.472	1072.71
749.732	1064.07
748.868	1054.42
747.726	1043.6
746.116	1031.53
743.805	1018.23
740.505	1003.79
735.877	988.349
729.533	972.104
721.065	955.214
710.066	937.737
