533.16	871.691
514.951	864.909
500.807	859.428
490.487	854.752
483.447	850.356
479.043	845.701
476.695	840.241
475.961	833.468
476.537	824.982
478.202	814.593
480.75	802.418
483.946	788.926
487.517	774.864
491.18	761.08
494.692	748.32
497.887	737.067
500.695	727.494
503.137	719.499
505.331	712.786
507.493	706.934
509.983	701.444
513.353	695.78
518.416	689.41
526.234	681.886
538.004	672.933
554.762	662.534
577.005	650.972
604.37	638.799
635.58	626.753
668.703	615.656
701.66	606.33
732.749	599.556
760.99	596.07
786.224	596.586
808.986	601.805
830.266	612.384
851.224	628.808
872.892	651.168
895.943	678.911
920.571	710.676
946.535	744.365
973.349	777.436
1000.53	807.343
1027.84	831.952
1055.37	849.836
1083.63	860.371
1113.41	863.651
1145.58	860.284
1180.94	851.171
1219.92	837.355
1262.44	819.957
1307.83	800.157
1354.85	779.174
1401.87	758.194
1447.1	738.274
1488.87	720.256
1525.76	704.729
1556.86	692.017
1581.81	682.19
1600.87	675.108
1614.8	670.501
1624.64	668.101
1631.49	667.785
1636.34	669.717
1640.02	674.483
1643.16	683.214
1646.16	697.632
1649.08	719.946
1651.47	752.491
1652.29	797.173
1649.96	854.826
1642.83	924.729
1629.84	1004.43
1611.17	1089.94
1588.46	1176.39
1564.46	1258.83
1542.03	1333.19
1523.29	1396.83
1509.03	1448.71
1498.93	1489.16
1491.99	1519.28
1487.06	1540.55
1483.11	1554.41
1479.3	1562.12
1474.94	1564.65
1469.43	1562.76
1462.18	1557.01
1452.64	1547.99
1440.34	1536.41
1425.04	1523.28
1406.82	1509.96
1386.24	1498.07
1364.28	1489.17
1342.23	1484.42
1321.42	1484.21
1302.91	1488.18
1287.28	1495.5
1274.53	1505.26
1264.21	1516.81
1255.65	1529.85
1248.19	1544.45
1241.28	1560.85
1234.59	1579.31
1227.97	1599.99
1221.47	1622.75
1215.25	1647.1
1209.6	1672.13
1204.85	1696.74
1201.27	1719.91
1199.07	1741.01
1198.28	1759.92
1198.85	1776.94
1200.59	1792.55
1203.24	1807.23
1206.45	1821.32
1209.8	1835.09
1212.78	1848.75
1214.82	1862.58
1215.28	1877.03
1213.56	1892.7
1209.18	1910.31
1201.96	1930.53
1192.12	1953.76
1180.31	1980
1167.46	2008.79
1154.49	2039.33
1142.04	2070.61
1130.25	2101.5
1118.75	2130.78
1106.68	2157.19
1093.01	2179.54
1076.66	2196.89
1056.83	2208.7
1033.12	2214.88
1005.64	2215.73
975.026	2211.9
942.433	2204.17
909.409	2193.45
877.654	2180.7
848.66	2166.83
823.371	2152.69
802	2139
784.102	2126.31
768.793	2115.07
754.981	2105.59
741.521	2098.11
727.29	2092.76
711.28	2089.55
692.739	2088.44
671.382	2089.27
647.573	2091.8
622.366	2095.67
597.277	2100.37
573.872	2105.34
553.336	2110.09
536.24	2114.22
522.563	2117.51
511.873	2119.85
503.539	2121.21
496.87	2121.58
491.181	2120.96
485.81	2119.34
480.096	2116.65
473.35	2112.8
464.856	2107.66
453.962	2101.09
440.299	2092.97
424.106	2083.27
406.493	2072.1
389.403	2059.69
375.22	2046.37
366.158	2032.46
363.775	2018.18
368.83	2003.56
381.481	1988.41
401.614	1972.34
429.038	1954.86
463.38	1935.61
503.745	1914.55
548.374	1892.18
594.614	1869.46
639.342	1847.66
679.702	1827.92
713.758	1810.95
740.742	1796.88
760.863	1785.3
774.876	1775.47
783.675	1766.41
788.007	1757.03
788.364	1746.14
785.007	1732.57
778.101	1715.2
767.921	1693.26
755.02	1666.51
740.306	1635.44
724.976	1601.26
710.357	1565.66
697.726	1530.49
688.182	1497.36
682.568	1467.43
681.44	1441.25
685.045	1418.95
693.324	1400.29
705.934	1384.91
722.3	1372.37
741.673	1362.27
763.18	1354.2
785.839	1347.79
808.58	1342.63
830.283	1338.33
849.885	1334.45
866.503	1330.52
879.521	1325.99
888.609	1320.2
893.651	1312.4
894.651	1301.72
891.658	1287.3
884.759	1268.36
874.101	1244.47
859.931	1215.62
842.591	1182.36
822.49	1145.78
800.062	1107.38
775.718	1068.9
749.82	1032.05
722.674	998.233
694.55	968.415
665.745	943.003
636.673	921.936
607.962	904.826
580.475	891.127
555.222	880.263
