502.421	1681.52
509.585	1655.47
516.639	1629.73
523.488	1604.45
530.045	1579.72
536.237	1555.63
542.002	1532.23
547.293	1509.57
552.071	1487.66
556.313	1466.46
560.006	1445.96
563.145	1426.09
565.736	1406.78
567.789	1387.96
569.324	1369.55
570.36	1351.44
570.924	1333.55
571.042	1315.8
570.743	1298.1
570.054	1280.39
569.007	1262.61
567.63	1244.71
565.955	1226.69
564.012	1208.51
561.837	1190.19
559.466	1171.77
556.937	1153.28
554.296	1134.78
551.589	1116.36
548.867	1098.1
546.186	1080.11
543.602	1062.5
541.173	1045.37
538.958	1028.84
537.014	1013.01
535.392	997.968
534.143	983.798
533.306	970.563
532.918	958.307
533.005	947.057
533.585	936.819
534.668	927.582
536.259	919.32
538.351	911.99
540.937	905.541
544	899.909
547.521	895.028
551.48	890.827
555.853	887.233
560.616	884.178
565.746	881.594
571.22	879.417
577.018	877.592
583.122	876.068
589.516	874.802
596.189	873.757
603.134	872.905
610.346	872.223
617.829	871.696
625.587	871.316
633.634	871.077
641.989	870.983
650.675	871.039
659.725	871.253
669.179	871.639
679.082	872.209
689.492	872.98
700.469	873.97
712.085	875.197
724.418	876.682
737.55	878.448
751.565	880.517
766.55	882.916
782.586	885.674
799.745	888.821
818.089	892.391
837.66	896.423
858.479	900.956
880.541	906.036
903.813	911.71
928.23	918.03
953.698	925.052
980.09	932.833
1007.25	941.43
1035.01	950.902
1063.16	961.301
1091.5	972.678
1119.8	985.07
1147.85	998.505
1175.41	1012.99
1202.29	1028.53
1228.29	1045.09
1253.23	1062.61
1276.95	1081.03
1299.32	1100.26
1320.25	1120.17
1339.64	1140.64
1357.45	1161.53
1373.63	1182.67
1388.18	1203.92
1401.11	1225.11
1412.45	1246.09
1422.22	1266.71
1430.5	1286.85
1437.33	1306.4
1442.79	1325.24
1446.96	1343.3
1449.92	1360.51
1451.74	1376.83
1452.51	1392.22
1452.3	1406.66
1451.18	1420.14
1449.21	1432.66
1446.45	1444.24
1442.95	1454.89
1438.74	1464.65
1433.84	1473.53
1428.29	1481.58
1422.07	1488.84
1415.2	1495.35
1407.66	1501.15
1399.46	1506.3
1390.59	1510.85
1381.04	1514.86
1370.8	1518.38
1359.9	1521.46
1348.33	1524.18
1336.12	1526.58
1323.3	1528.74
1309.91	1530.72
1296.01	1532.57
1281.65	1534.37
1266.9	1536.19
1251.83	1538.09
1236.51	1540.13
1221.04	1542.38
1205.47	1544.92
1189.89	1547.79
1174.38	1551.06
1158.99	1554.8
1143.78	1559.03
1128.8	1563.83
1114.1	1569.2
1099.71	1575.19
1085.64	1581.81
1071.92	1589.07
1058.55	1596.94
1045.54	1605.43
1032.88	1614.47
1020.57	1624.04
1008.61	1634.07
996.986	1644.49
985.7	1655.22
974.752	1666.18
964.147	1677.27
953.89	1688.41
943.99	1699.52
934.458	1710.52
925.302	1721.34
916.532	1731.93
908.153	1742.24
900.166	1752.26
892.567	1761.96
885.348	1771.35
878.492	1780.46
871.978	1789.3
865.781	1797.93
859.87	1806.37
854.209	1814.68
848.763	1822.9
843.491	1831.09
838.354	1839.28
833.31	1847.51
828.318	1855.81
823.335	1864.22
818.32	1872.75
813.232	1881.4
808.028	1890.19
802.666	1899.1
797.106	1908.13
791.308	1917.25
785.232	1926.44
778.842	1935.68
772.104	1944.91
764.989	1954.11
757.472	1963.23
749.534	1972.23
741.167	1981.06
732.366	1989.68
723.137	1998.06
713.497	2006.14
703.468	2013.9
693.083	2021.3
682.38	2028.31
671.403	2034.9
660.203	2041.06
648.829	2046.75
637.333	2051.96
625.767	2056.68
614.179	2060.87
602.616	2064.52
591.121	2067.6
579.734	2070.08
568.494	2071.95
557.44	2073.15
546.609	2073.65
536.043	2073.41
525.786	2072.39
515.887	2070.52
506.4	2067.75
497.386	2064.03
488.909	2059.29
481.038	2053.46
473.843	2046.49
467.396	2038.3
461.765	2028.85
457.013	2018.07
453.197	2005.92
450.36	1992.38
448.536	1977.42
447.74	1961.04
447.973	1943.26
449.219	1924.13
451.441	1903.7
454.59	1882.06
458.595	1859.32
463.375	1835.6
468.834	1811.04
474.866	1785.81
481.358	1760.06
488.193	1733.99
495.253	1707.75
