517.165	871.222
499.095	856.77
483.794	844.737
470.464	833.832
458.095	822.768
445.614	810.417
432.029	795.922
416.57	778.797
398.865	759.029
379.085	737.156
358.014	714.23
336.913	691.602
317.222	670.591
300.208	652.175
286.734	636.831
277.245	624.538
271.943	614.906
271.048	607.335
275.054	601.167
284.87	595.789
301.764	590.711
327.067	585.621
361.661	580.429
405.419	575.277
456.864	570.498
513.231	566.498
570.958	563.617
626.407	562.022
676.572	561.709
719.575	562.586
754.841	564.613
782.954	567.91
805.291	572.829
823.615	579.961
839.727	590.087
855.244	604.047
871.436	622.522
889.104	645.762
908.505	673.344
929.391	704.093
951.18	736.215
973.242	767.629
995.173	796.351
1016.97	820.78
1039.03	839.82
1062.05	852.87
1086.78	859.759
1113.86	860.696
1143.71	856.219
1176.42	847.135
1211.85	834.419
1249.74	819.095
1289.75	802.133
1331.47	784.409
1374.29	766.735
1417.22	749.938
1458.86	734.907
1497.64	722.547
1532.24	713.692
1561.98	709.039
1586.94	709.205
1607.87	714.875
1625.89	726.947
1642.13	746.55
1657.47	774.862
1672.38	812.701
1686.81	860.02
1700.23	915.499
1711.69	976.492
1720.04	1039.48
1724.14	1100.93
1723.05	1158.24
1716.24	1210.17
1703.63	1256.75
1685.69	1298.77
1663.34	1337.19
1637.97	1372.67
1611.26	1405.4
1584.95	1435.04
1560.58	1460.85
1539.18	1481.99
1521.08	1497.79
1505.97	1507.87
1493.04	1512.14
1481.2	1510.6
1469.35	1503.31
1456.55	1490.3
1442.23	1471.82
1426.25	1448.54
1409	1421.73
1391.2	1393.15
1373.66	1364.75
1357.08	1338.35
1341.92	1315.43
1328.42	1297.17
1316.65	1284.53
1306.56	1278.38
1298	1279.44
1290.76	1288.15
1284.59	1304.41
1279.29	1327.27
1274.73	1354.76
1270.84	1384.1
1267.62	1412.32
1265.08	1436.98
1263.19	1456.76
1261.84	1471.54
1260.9	1482.03
1260.25	1489.35
1259.74	1494.6
1259.26	1498.83
1258.68	1502.97
1257.87	1507.95
1256.66	1514.89
1254.84	1525.17
1252.17	1540.48
1248.46	1562.73
1243.6	1593.82
1237.63	1635.2
1230.69	1687.5
1222.95	1750.06
1214.53	1820.73
1205.48	1895.93
1195.98	1971.12
1186.4	2041.51
1177.31	2103.03
1169.26	2153.05
1162.5	2190.75
1156.87	2216.94
1151.85	2233.37
1146.75	2242.02
1140.79	2244.53
1133.23	2242.06
1123.37	2235.28
1110.66	2224.67
1094.65	2210.66
1075.13	2193.84
1052.11	2175.03
1025.87	2155.2
996.948	2135.4
966.126	2116.58
934.412	2099.51
902.977	2084.66
873.051	2072.26
845.747	2062.35
821.845	2054.82
801.606	2049.45
784.699	2045.97
770.257	2044.15
757.026	2043.78
743.536	2044.78
728.283	2047.12
709.918	2050.81
687.412	2055.74
660.146	2061.67
627.885	2068.17
590.659	2074.7
548.678	2080.65
502.362	2085.47
452.479	2088.76
400.31	2090.28
347.734	2090.02
297.13	2088.2
251.081	2085.18
211.954	2081.42
181.472	2077.31
160.454	2073.02
148.802	2068.56
145.717	2063.72
150.04	2058.27
160.534	2051.98
176.054	2044.71
195.557	2036.4
218.06	2027.06
242.61	2016.76
268.354	2005.56
294.701	1993.41
321.496	1980.08
349.078	1965.12
378.115	1947.93
409.199	1927.97
442.372	1905.05
476.807	1879.55
510.893	1852.38
542.704	1824.8
570.618	1797.95
593.718	1772.61
611.859	1749.14
625.488	1727.47
635.375	1707.27
642.385	1687.96
647.331	1668.76
650.925	1648.77
653.832	1627.13
656.763	1603.24
660.584	1576.93
666.365	1548.54
675.342	1518.87
688.757	1488.96
707.595	1459.99
732.239	1433.08
762.157	1409.19
795.758	1389.02
830.58	1372.93
863.81	1360.86
892.982	1352.38
916.557	1346.79
934.15	1343.31
946.339	1341.24
954.23	1339.99
959.007	1339.15
961.639	1338.41
962.754	1337.5
962.628	1336.12
961.201	1333.82
958.082	1329.95
952.556	1323.58
943.672	1313.58
930.437	1298.84
912.135	1278.58
888.613	1252.72
860.391	1221.88
828.521	1187.27
794.278	1150.3
758.861	1112.26
723.22	1074.21
688.058	1036.97
653.93	1001.27
621.364	967.89
590.915	937.653
563.135	911.282
538.477	889.174
