547.512	864.069
527.04	855.305
510.925	848.804
498.912	843.873
490.355	839.751
484.425	835.672
480.261	830.926
477.022	824.885
473.844	817.01
469.775	806.856
463.765	794.099
454.787	778.592
442.13	760.45
425.768	740.132
406.612	718.458
386.492	696.492
367.842	675.314
353.3	655.76
345.404	638.275
346.48	622.898
358.57	609.403
383.217	597.507
420.987	587.069
470.853	578.186
529.798	571.147
593.039	566.263
654.961	563.721
710.516	563.537
756.508	565.653
792.189	570.056
818.929	576.86
839.274	586.29
855.973	598.617
871.358	614.086
887.117	632.83
904.305	654.798
923.438	679.676
944.57	706.826
967.378	735.246
991.243	763.594
1015.4	790.304
1039.11	813.816
1061.88	832.843
1083.56	846.616
1104.24	854.981
1124.14	858.334
1143.42	857.472
1162.13	853.387
1180.23	847.087
1197.74	839.449
1214.76	831.131
1231.6	822.545
1248.86	813.846
1267.45	804.969
1288.55	795.693
1313.37	785.783
1342.73	775.174
1376.67	764.164
1414.22	753.508
1453.57	744.381
1492.65	738.242
1529.7	736.694
1563.74	741.415
1594.63	754.099
1622.75	776.274
1648.59	808.892
1672.3	851.8
1693.49	903.423
1711.28	961.005
1724.49	1021.42
1731.94	1082.13
1732.66	1141.77
1725.99	1200.05
1711.76	1257.22
1690.56	1313.32
1663.89	1367.69
1634.14	1418.84
1604.1	1464.82
1576.34	1503.82
1552.5	1534.77
1533.15	1557.51
1517.87	1572.65
1505.69	1581.05
1495.38	1583.4
1485.65	1579.93
1475.26	1570.33
1463.09	1553.9
1448.27	1529.95
1430.43	1498.48
1409.9	1460.71
1387.84	1419.36
1365.9	1378.13
1345.74	1340.66
1328.51	1309.56
1314.62	1285.99
1303.86	1269.97
1295.7	1260.97
1289.47	1258.37
1284.55	1261.8
1280.44	1271.08
1276.71	1286.12
1273.08	1306.68
1269.32	1332.2
1265.33	1361.74
1261.03	1394.13
1256.39	1428.24
1251.36	1463.33
1245.94	1499.16
1240.19	1535.84
1234.36	1573.45
1228.87	1611.81
1224.3	1650.32
1221.22	1688.13
1220.04	1724.31
1220.88	1758.05
1223.54	1788.73
1227.53	1815.85
1232.21	1839.1
1236.91	1858.39
1241.08	1873.92
1244.4	1886.2
1246.72	1896.04
1247.99	1904.48
1248.21	1912.73
1247.29	1922.15
1245.03	1934.18
1241.13	1950.2
1235.22	1971.16
1226.97	1997.11
1216.14	2026.91
1202.65	2058.29
1186.51	2088.45
1167.73	2114.87
1146.29	2135.89
1122.17	2151.03
1095.39	2160.9
1066.2	2166.86
1035.09	2170.62
1002.83	2173.76
970.356	2177.35
938.682	2181.75
908.784	2186.61
881.553	2191.09
857.7	2194.2
837.627	2195.05
821.326	2193.1
808.377	2188.2
798.071	2180.5
789.595	2170.43
782.173	2158.58
775.142	2145.68
767.942	2132.54
760.052	2119.97
750.882	2108.68
739.636	2099.14
725.184	2091.61
706.008	2086.08
680.289	2082.39
646.219	2080.29
602.556	2079.44
549.281	2079.49
488.073	2080.03
422.263	2080.71
356.197	2081.28
294.257	2081.63
239.977	2081.67
195.516	2081.38
161.608	2080.65
137.911	2079.34
123.554	2077.19
117.643	2073.84
119.538	2068.86
128.896	2061.73
145.516	2051.93
169.113	2038.95
199.111	2022.44
234.578	2002.17
274.316	1978.09
317.053	1950.31
361.585	1919.12
406.75	1885.1
451.216	1849.26
493.272	1813.1
530.902	1778.51
562.276	1747.34
586.403	1720.86
603.472	1699.41
614.632	1682.44
621.438	1668.75
625.346	1656.85
627.457	1645.18
628.502	1632.33
628.951	1617.12
629.132	1598.79
629.332	1577.11
629.862	1552.49
631.08	1525.79
633.381	1498.19
637.152	1470.88
642.696	1444.9
650.177	1421.06
659.584	1399.89
670.775	1381.68
683.552	1366.5
697.751	1354.26
713.305	1344.74
730.261	1337.65
748.753	1332.65
768.893	1329.34
790.601	1327.32
813.415	1326.16
836.415	1325.41
858.341	1324.62
877.886	1323.31
893.997	1320.96
906.001	1316.95
913.523	1310.45
916.285	1300.41
913.938	1285.56
906.082	1264.69
892.471	1237.02
873.283	1202.63
849.243	1162.71
821.482	1119.4
791.233	1075.34
759.547	1033.08
727.159	994.619
694.546	961.085
662.105	932.8
630.346	909.5
600.019	890.65
572.081	875.68
