548.203	871.7
522.552	866.792
501.992	862.893
486.84	859.953
476.427	857.74
469.54	855.894
464.892	853.985
461.386	851.544
458.165	848.047
454.547	842.881
449.949	835.348
443.838	824.72
435.727	810.388
425.227	792.054
412.165	769.933
396.777	744.86
379.873	718.227
362.833	691.72
347.356	666.914
335.049	644.904
327.108	626.122
324.224	610.407
326.707	597.256
334.7	586.146
348.368	576.796
368.056	569.342
394.392	564.412
428.255	563.132
470.501	567.064
521.508	578.023
580.698	597.696
646.275	627.04
715.23	665.585
783.666	710.999
847.432	759.288
902.978	805.742
948.131	846.243
982.477	878.324
1007.18	901.459
1024.4	916.612
1036.59	925.42
1046.06	929.468
1054.76	929.893
1064.28	927.3
1075.91	921.885
1090.61	913.643
1108.91	902.617
1130.69	889.117
1155.12	873.852
1180.8	857.884
1206.2	842.388
1230.14	828.343
1252.18	816.306
1272.78	806.396
1293.06	798.44
1314.56	792.215
1338.88	787.671
1367.39	785.121
1400.89	785.366
1439.37	789.715
1481.88	799.846
1526.79	817.49
1572.24	843.979
1616.5	879.755
1658.21	923.942
1696.22	974.115
1729.43	1026.5
1756.94	1076.79
1778.23	1121.31
1793.34	1158.05
1802.81	1186.89
1807.36	1209.22
1807.51	1227.2
1803.44	1243.18
1794.8	1259.42
1780.93	1277.83
1761.07	1299.77
1734.9	1325.68
1702.95	1354.75
1666.81	1384.9
1628.82	1413.24
1591.39	1436.84
1556.28	1453.37
1524.22	1461.45
1495	1460.5
1467.87	1450.68
1442	1432.79
1416.93	1408.34
1392.76	1379.64
1370.12	1349.51
1349.88	1320.85
1332.7	1295.98
1318.82	1276.31
1308.01	1262.35
1299.68	1254.14
1293.1	1251.66
1287.49	1255.19
1282.16	1265.42
1276.48	1283.29
1269.99	1309.59
1262.39	1344.4
1253.6	1386.84
1243.77	1435
1233.24	1486.34
1222.55	1538.07
1212.37	1587.65
1203.39	1633.07
1196.2	1673.07
1191.27	1707.26
1188.83	1736.06
1188.89	1760.41
1191.25	1781.46
1195.57	1800.21
1201.31	1817.34
1207.83	1833.14
1214.48	1847.69
1220.61	1860.98
1225.68	1873.1
1229.17	1884.33
1230.58	1895.2
1229.34	1906.45
1224.86	1919.04
1216.64	1933.97
1204.56	1952.09
1189.14	1973.85
1171.69	1999.04
1154.13	2026.86
1138.51	2056.15
1126.39	2085.79
1118.45	2114.91
1114.46	2142.85
1113.43	2169.06
1113.91	2192.96
1114.26	2213.93
1112.9	2231.43
1108.47	2245.16
1099.94	2255.1
1086.57	2261.53
1067.94	2264.89
1043.97	2265.64
1015.07	2264.22
982.358	2260.98
947.743	2256.22
913.669	2250.23
882.513	2243.22
855.912	2235.32
834.413	2226.46
817.593	2216.43
804.482	2204.93
794.007	2191.74
785.266	2176.95
777.612	2160.97
770.609	2144.55
763.9	2128.58
757.078	2113.89
749.559	2101.18
740.51	2090.88
728.829	2083.31
713.241	2078.55
692.504	2076.56
665.699	2077.04
632.44	2079.46
592.913	2083.08
547.727	2087.07
497.741	2090.61
444.082	2093.04
388.382	2093.88
333.098	2092.92
281.562	2090.15
237.521	2085.71
204.226	2079.84
183.539	2072.75
175.53	2064.63
178.709	2055.62
190.66	2045.88
208.695	2035.55
230.323	2024.81
253.474	2013.79
276.588	2002.59
298.648	1991.16
319.227	1979.27
338.529	1966.35
357.326	1951.47
376.744	1933.38
397.897	1910.69
421.481	1882.16
447.443	1846.99
474.893	1805.18
502.298	1757.64
527.891	1706.17
550.136	1653.22
568.073	1601.46
581.474	1553.45
590.799	1511.24
596.985	1476.14
601.152	1448.5
604.377	1427.78
607.589	1412.75
611.59	1401.85
617.137	1393.6
625	1386.81
635.96	1380.66
650.755	1374.64
669.963	1368.6
693.846	1362.57
722.158	1356.75
753.969	1351.35
787.613	1346.55
820.89	1342.37
851.539	1338.65
877.76	1335.09
898.544	1331.21
913.642	1326.35
923.258	1319.64
927.657	1309.85
926.897	1295.42
920.787	1274.63
909.126	1246.07
892.137	1209.43
870.829	1166.08
846.975	1119.12
822.596	1072.58
799.238	1030.09
777.508	993.935
757.071	964.797
736.967	942.124
715.997	924.732
693.057	911.295
667.42	900.628
638.997	891.809
608.52	884.218
577.552	877.537
