588.881	881.472
558.714	871.816
529.981	861.75
503.571	850.86
479.44	838.526
456.729	823.933
434.227	806.237
410.916	784.858
386.447	759.82
361.402	732.016
337.251	703.178
315.96	675.48
299.399	650.864
288.851	630.458
284.813	614.363
287.148	601.893
295.345	592.025
308.725	583.801
326.474	576.528
347.572	569.818
370.717	563.513
394.346	557.597
416.821	552.141
436.75	547.28
453.33	543.217
466.538	540.214
477.082	538.538
486.201	538.421
495.456	540.019
506.608	543.417
521.496	548.655
541.808	555.808
568.716	565.121
602.552	577.134
642.698	592.725
687.782	612.96
736.048	638.743
785.658	670.324
834.823	706.822
881.808	746.031
925.03	784.756
963.353	819.638
996.47	848.063
1025.1	868.669
1050.85	881.247
1075.82	886.282
1102.07	884.519
1131.19	876.79
1164.01	864.062
1200.48	847.534
1239.91	828.592
1281.29	808.612
1323.69	788.732
1366.39	769.754
1408.75	752.214
1450	736.532
1489.13	723.128
1524.95	712.457
1556.39	704.993
1582.85	701.2
1604.42	701.566
1621.92	706.718
1636.65	717.557
1650.06	735.321
1663.47	761.424
1677.8	797.039
1693.31	842.438
1709.44	896.371
1724.91	955.916
1738.02	1017.14
1747.08	1076.38
1750.77	1131.35
1748.12	1181.56
1738.56	1227.84
1722.05	1271.38
1699.29	1312.85
1671.91	1351.98
1642.17	1387.75
1612.38	1418.98
1584.31	1444.71
1558.96	1464.36
1536.63	1477.6
1517.1	1484.3
1499.9	1484.53
1484.4	1478.65
1469.92	1467.26
1455.72	1451.15
1441.1	1431.15
1425.43	1408.07
1408.34	1382.8
1389.92	1356.51
1370.85	1330.8
1352.22	1307.57
1335.21	1288.59
1320.62	1275.17
1308.72	1268.01
1299.28	1267.41
1291.8	1273.44
1285.75	1286.04
1280.71	1304.69
1276.41	1328.18
1272.75	1354.45
1269.7	1381.11
1267.23	1406.02
1265.28	1427.86
1263.78	1446.23
1262.6	1461.38
1261.63	1474.01
1260.78	1485.14
1259.92	1496.15
1258.94	1508.9
1257.74	1525.65
1256.29	1548.72
1254.66	1579.66
1252.93	1618.53
1251	1663.5
1248.55	1711.42
1245.01	1758.91
1239.76	1803.48
1232.26	1844.07
1222.1	1880.94
1209.1	1915.27
1193.48	1948.54
1176.01	1982.02
1158.16	2016.36
1141.93	2051.41
1129.35	2086.38
1121.8	2120.27
1119.54	2152.17
1121.74	2181.41
1126.88	2207.41
1133.28	2229.69
1139.49	2247.82
1144.45	2261.66
1147.51	2271.34
1148.28	2277.31
1146.45	2280.09
1141.59	2280.11
1133.04	2277.61
1119.82	2272.6
1100.81	2264.84
1075.12	2253.99
1042.63	2239.63
1004.55	2221.48
963.422	2199.58
922.531	2174.38
884.997	2146.82
853.004	2118.16
827.487	2089.82
808.256	2063.01
794.341	2038.56
784.367	2016.74
776.803	1997.5
770.079	1980.81
762.6	1966.95
752.765	1956.63
739.048	1950.77
720.182	1950.18
695.438	1955.2
664.908	1965.4
629.638	1979.56
591.421	1995.83
552.269	2012.22
513.733	2027.05
476.424	2039.29
439.942	2048.61
403.259	2055.27
365.345	2059.92
325.762	2063.29
285.028	2066.02
244.629	2068.46
206.688	2070.68
173.405	2072.44
146.507	2073.36
126.967	2073
115.096	2070.87
110.928	2066.36
114.651	2058.63
126.837	2046.53
148.301	2028.63
179.632	2003.47
220.59	1969.85
269.673	1927.25
324.076	1876.26
380.047	1818.78
433.543	1757.93
480.983	1697.47
519.95	1640.88
549.574	1590.53
570.45	1547.46
584.168	1511.62
592.715	1482.29
597.991	1458.5
601.53	1439.29
604.445	1423.76
607.505	1411.1
611.259	1400.52
616.116	1391.29
622.376	1382.8
630.21	1374.69
639.648	1366.82
650.612	1359.29
663.003	1352.27
676.821	1345.99
692.263	1340.64
709.73	1336.33
729.678	1333.08
752.325	1330.87
777.352	1329.56
803.803	1328.95
830.26	1328.76
855.188	1328.64
877.257	1328.12
895.509	1326.64
909.314	1323.4
918.204	1317.32
921.693	1306.89
919.229	1290.35
910.407	1266.09
895.374	1233.36
875.178	1193.09
851.708	1147.95
827.131	1101.69
803.167	1057.9
780.669	1019.17
759.62	986.764
739.381	960.768
718.988	940.428
697.411	924.536
673.773	911.768
647.586	900.918
618.991	891.036
