610.125	854.808
581.697	834.657
553.987	814.306
527.941	794.192
503.762	774.667
480.927	755.861
458.467	737.625
435.38	719.603
411.083	701.456
385.77	683.152
360.481	665.139
336.799	648.222
316.318	633.196
300.201	620.483
289.06	610.003
283.114	601.267
282.453	593.561
287.191	586.146
297.405	578.428
312.868	570.096
332.808	561.199
355.957	552.09
380.927	543.28
406.655	535.274
432.628	528.485
458.876	523.211
485.844	519.647
514.233	517.89
544.782	517.946
577.982	519.735
613.763	523.094
651.261	527.763
688.834	533.39
724.409	539.556
756.093	545.879
782.803	552.172
804.633	558.585
822.809	565.665
839.312	574.296
856.446	585.561
876.49	600.504
901.421	619.772
932.623	643.199
970.535	669.535
1014.34	696.554
1061.84	721.659
1109.75	742.72
1154.51	758.685
1193.31	769.647
1224.88	776.446
1249.57	780.148
1269	781.692
1285.44	781.744
1301.36	780.718
1319.15	778.898
1340.98	776.605
1368.6	774.415
1402.91	773.363
1443.62	775.088
1489.04	781.776
1536.61	795.845
1583.7	819.417
1628.37	853.729
1669.49	898.565
1706.38	951.825
1738.4	1009.48
1764.85	1066.27
1785.21	1117.2
1799.41	1159.08
1807.92	1191.38
1811.42	1215.74
1810.44	1235.04
1805.05	1252.44
1794.79	1270.89
1778.77	1292.92
1756.15	1320.36
1726.74	1353.82
1691.71	1392.22
1653.77	1432.78
1616.42	1471.84
1582.85	1506.05
1554.99	1533.3
1533.3	1552.91
1517.14	1565.21
1505.28	1571.05
1496.33	1571.26
1489.04	1566.44
1482.31	1556.95
1475.24	1542.95
1467.03	1524.62
1456.95	1502.3
1444.43	1476.65
1429.24	1448.95
1411.63	1421.16
1392.36	1395.93
1372.48	1376.17
1353.04	1364.44
1334.77	1362.41
1318.07	1370.36
1303.07	1387.05
1289.76	1409.99
1278.08	1436.15
1267.86	1462.96
1258.81	1488.95
1250.57	1513.84
1242.79	1538.13
1235.19	1562.66
1227.68	1588.2
1220.34	1615.19
1213.46	1643.54
1207.48	1672.66
1202.87	1701.5
1200.08	1728.97
1199.38	1754.24
1200.79	1776.95
1204.1	1797.2
1208.93	1815.29
1214.74	1831.46
1221.03	1845.89
1227.35	1858.63
1233.36	1869.75
1238.79	1879.34
1243.45	1887.59
1247.18	1894.88
1249.85	1901.85
1251.22	1909.61
1250.95	1919.87
1248.49	1934.93
1243.3	1957.18
1235.03	1987.95
1223.85	2026.34
1210.51	2068.76
1196.02	2110.05
1181.27	2145.35
1166.75	2171.46
1152.46	2187.18
1138.16	2192.86
1123.56	2189.86
1108.57	2180.09
1093.34	2165.75
1078.16	2148.97
1063.24	2131.55
1048.54	2114.68
1033.66	2098.82
1017.86	2083.71
1000.26	2068.58
980.053	2052.47
956.859	2034.76
930.955	2015.65
903.295	1996.56
875.238	1979.9
848.136	1968.2
823.006	1963.07
800.372	1964.5
780.269	1971.13
762.283	1981.02
745.613	1992.45
729.153	2004.42
711.678	2016.59
692.126	2029.07
669.959	2041.98
645.458	2055.19
619.763	2068.23
594.532	2080.4
571.35	2091.05
551.219	2099.83
534.4	2106.7
520.525	2111.78
508.777	2115.28
497.96	2117.37
486.447	2118.19
472.143	2117.84
452.651	2116.46
425.855	2114.17
390.793	2111.1
348.413	2107.3
301.648	2102.67
254.715	2096.96
212.067	2089.63
177.599	2079.74
154.451	2065.68
145.269	2044.97
152.444	2014.22
177.773	1969.78
221.267	1909.2
279.731	1833.23
346.416	1747.08
412.692	1659.47
471.015	1579.62
517.261	1513.97
551.113	1464.68
574.821	1430.19
591.545	1406.98
604.207	1391.25
615.01	1379.85
625.38	1370.65
636.066	1362.4
647.273	1354.55
658.789	1347.04
670.172	1340.1
680.996	1334.04
691.097	1329.08
700.754	1325.31
710.719	1322.67
722.112	1321.03
736.18	1320.3
753.924	1320.39
775.649	1321.2
800.641	1322.56
827.25	1324.21
853.394	1325.79
877.19	1326.9
897.319	1327.07
913.024	1325.78
923.893	1322.32
929.644	1315.79
929.989	1305.03
924.622	1288.75
913.345	1265.73
896.366	1235.37
874.647	1198.34
850.008	1156.84
824.742	1114.14
800.84	1073.39
779.345	1036.65
760.214	1004.64
742.606	977.09
725.3	953.226
707.024	932.047
686.697	912.485
663.653	893.538
637.88	874.441
