693.41	864.265
672.121	845.237
646.654	823.124
618.478	799.192
589.594	775.292
561.787	753.135
536.039	733.718
512.391	717.185
490.209	703.052
468.605	690.548
446.815	678.895
424.488	667.481
401.89	655.95
379.986	644.231
360.311	632.474
344.619	620.895
334.458	609.596
330.848	598.479
334.125	587.321
343.871	576
358.945	564.679
377.76	553.802
398.808	543.916
421.127	535.476
444.486	528.785
469.319	524.036
496.55	521.395
527.347	521.054
562.727	523.246
603.025	528.217
647.392	536.209
693.692	547.461
739.053	562.294
780.944	581.22
818.19	605
851.247	634.495
881.562	670.236
910.517	711.813
938.615	757.349
965.241	803.437
989.042	845.83
1008.69	880.753
1023.64	906.197
1034.43	922.348
1042.4	930.94
1049.14	934.108
1056	933.562
1063.99	930.335
1073.84	924.914
1086.16	917.446
1101.49	907.891
1120.36	896.16
1143.1	882.271
1169.59	866.528
1199.16	849.59
1230.81	832.313
1263.75	815.448
1297.71	799.456
1332.89	784.577
1369.48	771.142
1407.3	759.905
1445.75	752.265
1484.17	750.38
1522.13	757.17
1559.57	776.017
1596.38	809.879
1631.78	859.884
1663.92	924.22
1690.03	998.405
1707.12	1077.01
1712.94	1155.64
1706.52	1231.75
1688.46	1304.27
1660.89	1372.45
1627.36	1434.94
1592.28	1489.62
1560.09	1534.13
1534.04	1567.02
1515.38	1588.57
1503.36	1600.62
1496.14	1605.67
1491.81	1605.76
1488.9	1602.1
1486.45	1595.06
1483.86	1584.6
1480.73	1570.59
1476.8	1553.17
1471.88	1532.89
1465.82	1510.67
1458.44	1487.45
1449.39	1463.81
1438.24	1439.84
1424.56	1415.42
1408.32	1390.74
1390.03	1366.76
1370.74	1345.15
1351.71	1327.87
1334.04	1316.68
1318.42	1312.81
1305.1	1316.84
1293.99	1328.67
1284.8	1347.38
1277.18	1371.23
1270.79	1397.8
1265.3	1424.6
1260.38	1449.86
1255.61	1473.03
1250.54	1494.84
1244.67	1516.77
1237.62	1540.32
1229.29	1566.35
1219.98	1594.64
1210.34	1624.04
1201.22	1653.01
1193.39	1680.26
1187.46	1705.17
1183.85	1727.86
1182.83	1749.04
1184.5	1769.69
1188.74	1790.79
1195.08	1813.01
1202.68	1836.67
1210.42	1861.88
1217.1	1888.85
1221.72	1918.08
1223.55	1950.38
1222.19	1986.56
1217.62	2026.93
1210.24	2070.75
1200.96	2115.85
1191	2158.82
1181.65	2195.9
1173.7	2224.44
1167.27	2243.62
1161.79	2254.18
1156.31	2257.37
1149.78	2254.14
1141.16	2244.78
1129.5	2229.04
1114.01	2206.42
1094.19	2176.63
1069.97	2139.92
1041.82	2097.44
1010.84	2051.35
978.671	2004.67
947.274	1960.92
918.529	1923.52
893.761	1895.06
873.442	1877.1
857.205	1870.26
844.159	1874.79
833.29	1890.73
823.799	1917.68
815.265	1954.18
807.624	1997.34
800.989	2043.05
795.395	2087.03
790.633	2125.94
786.235	2157.9
781.544	2182.42
775.79	2199.85
768.096	2210.92
757.466	2216.4
742.819	2216.97
723.195	2213.24
698.187	2205.83
668.431	2195.54
635.785	2183.39
602.906	2170.55
572.381	2158.03
545.912	2146.5
523.954	2136.08
505.837	2126.39
490.206	2116.7
475.574	2106.16
460.867	2094.07
445.816	2080.16
430.969	2064.69
417.285	2048.28
405.612	2031.56
396.454	2014.77
390.102	1997.53
386.905	1978.71
387.476	1956.47
392.767	1928.3
403.89	1891.35
421.569	1843.42
445.396	1784.24
473.404	1716.55
502.473	1645.86
529.415	1578.89
552.048	1521.25
569.684	1475.84
582.904	1442.55
592.996	1419.2
601.427	1402.87
609.532	1390.83
618.369	1381.07
628.663	1372.33
640.797	1364.04
654.895	1356.15
671.008	1348.9
689.349	1342.62
710.431	1337.58
734.951	1333.94
763.33	1331.73
795.059	1330.81
828.308	1330.9
860.282	1331.58
888.267	1332.34
910.607	1332.76
926.926	1332.44
937.691	1330.99
943.604	1327.9
945.16	1322.38
942.422	1313.32
935.046	1299.3
922.543	1278.84
904.753	1250.87
882.342	1215.35
857.027	1173.62
831.304	1128.42
807.705	1083.25
787.968	1041.32
772.618	1004.8
761.148	974.628
752.51	950.664
745.506	932.031
738.953	917.35
731.673	904.952
722.443	893.057
710.033	879.959
