614.674	843.823
582.666	821.786
554.501	800.024
532.771	779.585
517.969	761.31
508.864	745.74
503.511	733.09
500.062	723.217
497.05	715.624
493.312	709.551
487.785	704.095
479.383	698.317
467.076	691.347
450.23	682.524
429.107	671.573
405.2	658.734
381.106	644.697
359.874	630.315
344.21	616.256
335.951	602.812
335.918	589.944
343.988	577.498
359.202	565.454
379.951	554.063
404.362	543.826
430.855	535.315
458.653	528.976
487.968	525.036
519.759	523.518
555.098	524.326
594.367	527.306
636.643	532.275
679.705	539.051
720.797	547.544
757.699	557.872
789.475	570.451
816.581	585.999
840.482	605.438
863.065	629.678
886.054	659.245
910.531	693.757
936.642	731.475
963.675	769.384
990.535	803.968
1016.43	832.266
1041.38	852.576
1066.35	864.478
1092.93	868.415
1122.8	865.235
1157.29	855.945
1197.08	841.626
1242.28	823.363
1292.37	802.224
1346.06	779.328
1401.14	755.956
1454.59	733.564
1503.15	713.598
1544.21	697.193
1576.45	684.941
1600.1	676.891
1616.64	672.829
1628.13	672.727
1636.77	677.207
1644.71	687.893
1654	707.432
1666.33	738.836
1682.61	783.955
1702.4	841.815
1724	908.208
1744.99	977.181
1763.09	1043.31
1776.47	1103.2
1783.77	1155.88
1783.83	1202.38
1775.58	1245.18
1758.06	1287.27
1731	1330.98
1695.63	1376.62
1655.13	1421.96
1613.95	1462.99
1576.37	1495.7
1545.09	1517.59
1520.81	1528.24
1502.64	1528.78
1488.89	1521.15
1477.83	1507.43
1468	1489.51
1458.32	1469.01
1447.94	1447.04
1436.16	1424.08
1422.4	1399.99
1406.3	1374.42
1388.05	1347.46
1368.54	1320.09
1349.31	1294.19
1331.96	1271.85
1317.61	1254.57
1306.54	1242.96
1298.38	1236.99
1292.42	1236.5
1287.89	1241.68
1284.16	1253.11
1280.76	1271.48
1277.41	1296.89
1274.05	1328.03
1270.81	1362.04
1267.88	1395.15
1265.43	1424.13
1263.51	1447.32
1262.06	1464.77
1260.93	1477.57
1259.93	1487.19
1258.82	1495.24
1257.29	1503.52
1254.97	1514.16
1251.46	1529.61
1246.57	1552.34
1240.54	1584.21
1234.1	1625.86
1228.31	1676.53
1224.01	1734.36
1221.34	1797
1219.54	1862.15
1217.36	1927.99
1213.67	1993.2
1207.99	2056.47
1200.68	2115.93
1192.68	2168.91
1185.16	2212.61
1179.03	2245.28
1174.67	2267.17
1171.88	2280.32
1170.15	2287.42
1168.93	2290.74
1167.7	2291.66
1165.94	2290.7
1162.94	2287.64
1157.66	2281.64
1148.66	2271.44
1134.2	2255.71
1112.63	2233.73
1082.91	2205.94
1045.04	2174.09
1000.4	2140.9
951.782	2109.37
903.235	2082.18
859.177	2061.17
823.094	2046.88
796.448	2038.46
778.576	2034.28
767.53	2032.7
761.136	2032.63
757.65	2033.65
755.934	2035.89
755.368	2039.99
755.694	2047
756.853	2058.12
758.822	2074.21
761.443	2095.2
764.286	2119.76
766.608	2145.64
767.379	2170.33
765.304	2191.69
758.787	2208.27
745.826	2219.27
723.927	2224.3
690.144	2223.17
641.514	2215.77
576.19	2202.29
495.173	2183.72
403.728	2162.18
311.017	2140.61
227.396	2121.83
160.675	2107.55
113.65	2097.98
84.3122	2092.21
68.1329	2088.87
60.5969	2086.7
58.6452	2084.68
60.9638	2081.92
67.7283	2077.44
80.2365	2069.92
100.462	2057.67
130.417	2038.76
171.357	2011.49
223.065	1974.93
283.409	1929.64
348.336	1878.1
412.485	1824.52
470.545	1773.66
518.853	1729.03
556.291	1691.69
583.98	1660.29
604.274	1632.15
619.807	1604.39
632.957	1574.73
645.651	1542.05
659.328	1506.6
674.898	1470.03
692.718	1434.92
712.675	1403.89
734.437	1378.76
757.717	1360.09
782.334	1347.29
807.969	1339.13
833.819	1334.22
858.473	1331.29
880.204	1329.23
897.553	1327.1
909.745	1324.06
916.618	1319.26
918.249	1311.77
914.62	1300.52
905.641	1284.58
891.509	1263.56
873.155	1238.08
852.374	1209.79
831.403	1180.84
812.191	1152.98
795.866	1126.96
782.674	1102.49
772.257	1078.73
763.984	1054.9
757.145	1030.79
751.014	1006.76
744.816	983.538
737.647	961.77
728.393	941.628
715.731	922.716
698.309	904.231
675.216	885.262
646.688	865.16
