703.244	899.676
680.583	889.821
653.159	878.127
623.2	864.194
593.407	847.984
566.119	829.862
542.748	810.559
523.603	791.015
508.017	772.112
494.62	754.361
481.623	737.683
467.115	721.428
449.485	704.698
428.043	686.849
403.648	667.892
378.819	648.532
356.999	629.778
341.368	612.396
333.981	596.61
335.578	582.188
345.764	568.757
363.18	556.099
385.621	544.317
410.348	533.82
434.732	525.127
457.07	518.605
477.072	514.325
495.785	512.1
515.1	511.659
537.182	512.798
563.928	515.437
596.349	519.58
633.902	525.216
674.252	532.216
713.94	540.36
749.782	549.479
780.094	559.692
805.053	571.594
826.259	586.331
845.961	605.438
866.325	630.334
888.859	661.514
914.096	697.792
941.757	736.2
971.405	772.754
1003.33	803.584
1039.14	825.679
1081.67	837.017
1134.13	836.482
1198.6	824.068
1274.32	801.347
1356.63	771.756
1437.69	740.123
1508.94	711.398
1564.42	689.165
1602.73	674.845
1626.63	668.063
1640.83	667.784
1649.88	673.373
1657.17	685.076
1664.94	703.964
1674.64	731.582
1687.22	769.498
1703.22	818.761
1722.66	879.171
1744.79	948.292
1767.83	1020.62
1789.18	1088.25
1806.4	1143.81
1818.34	1183.9
1825.35	1209.91
1828.49	1225.98
1828.62	1236.59
1825.89	1245.52
1819.5	1255.96
1807.76	1270.99
1788.52	1293.54
1760.17	1325.55
1723.13	1366.53
1680.56	1412.97
1637.44	1459.39
1598.37	1500.73
1566.02	1533.9
1540.92	1557.88
1522.23	1572.85
1508.47	1579.39
1498.07	1578.02
1489.6	1569.21
1481.93	1553.67
1474.17	1532.59
1465.64	1507.54
1455.75	1480.03
1443.93	1451.12
1429.67	1421.35
1412.72	1391.08
1393.39	1361.08
1372.71	1332.88
1352.25	1308.74
1333.55	1290.98
1317.67	1281.36
1304.88	1280.82
1294.81	1289.53
1286.81	1307.05
1280.26	1332.1
1274.77	1362.23
1270.17	1393.82
1266.39	1423.19
1263.34	1447.89
1260.76	1467.5
1258.3	1483.16
1255.51	1496.87
1251.88	1510.88
1246.82	1527.44
1239.84	1548.46
1230.77	1575.05
1219.99	1606.97
1208.57	1642.39
1198.07	1678.32
1190	1711.71
1185.28	1740.61
1184.01	1764.66
1185.62	1784.71
1189.25	1802.06
1193.95	1818.01
1198.84	1833.83
1203.13	1850.96
1206.21	1871.15
1207.65	1896.31
1207.29	1928.02
1205.2	1966.64
1201.54	2010.6
1196.42	2056.57
1189.88	2100.46
1181.85	2138.57
1172.18	2168.38
1160.69	2188.67
1147.19	2199.36
1131.42	2201.23
1113.12	2195.58
1091.93	2183.99
1067.35	2168
1038.92	2149.09
1006.51	2128.75
970.71	2108.53
933.151	2090.01
896.334	2074.51
862.954	2062.88
834.941	2055.3
812.974	2051.46
796.706	2050.88
785.273	2053.34
777.694	2058.97
773.085	2068.22
770.732	2081.6
770.046	2099.23
770.444	2120.34
771.255	2143.2
771.692	2165.56
770.859	2185.3
767.709	2200.94
760.945	2211.7
749.009	2217.22
730.301	2217.35
703.701	2212.24
669.251	2202.51
628.567	2189.44
584.5	2174.8
539.966	2160.4
496.629	2147.44
454.429	2136.31
412.209	2126.78
368.824	2118.35
324.014	2110.65
278.77	2103.51
235.252	2097.01
196.273	2091.28
164.453	2086.4
141.403	2082.24
127.507	2078.35
122.393	2074.07
125.665	2068.55
137.377	2060.8
158.121	2049.72
188.879	2034
230.748	2012.21
284.378	1983.05
348.87	1946.13
420.481	1902.93
492.337	1857.08
556.297	1813.25
606.134	1775.07
639.634	1743.92
658.366	1719.22
665.995	1699.48
666.567	1683.06
663.44	1668.4
658.882	1653.91
654.183	1637.94
650.053	1618.84
647.033	1595.32
645.732	1566.91
646.818	1534.35
650.828	1499.57
657.97	1465.07
668.043	1433.08
680.526	1404.97
694.778	1381.25
710.263	1361.71
726.691	1345.57
743.925	1331.64
761.617	1318.51
778.809	1304.66
793.833	1288.63
804.689	1269.23
809.772	1245.81
808.628	1218.63
802.297	1189.14
792.935	1159.51
782.888	1131.73
773.84	1106.72
766.519	1084.14
760.929	1062.9
756.746	1042
753.605	1021.08
751.202	1000.54
749.27	981.225
747.525	963.886
745.585	948.934
742.888	936.368
738.587	925.856
731.474	916.797
720.101	908.376
