661.05	885.67
630.49	878.487
597.333	870.299
565.04	861.589
536.634	852.69
513.567	843.485
495.53	833.355
480.988	821.323
467.819	806.307
453.752	787.426
436.608	764.312
414.626	737.348
387.119	707.856
355.319	678.126
322.582	651.013
293.182	628.975
270.264	613.075
254.65	602.789
245.271	596.666
240.399	593.139
238.618	590.961
239.249	589.249
242.424	587.325
249.033	584.561
260.513	580.316
278.32	574.065
303.047	565.676
333.708	555.678
367.882	545.249
402.894	535.875
437.302	528.946
471.692	525.601
508.357	526.892
550.063	534.026
598.535	548.421
653.556	571.437
713.187	603.863
774.743	645.286
835.597	693.529
893.437	744.463
946.292	792.553
992.827	832.295
1032.84	859.999
1067.43	874.811
1098.52	878.345
1127.86	873.442
1156.36	863.091
1183.91	849.926
1209.73	836.088
1232.92	823.111
1253.18	811.793
1271.19	802.133
1288.67	793.465
1307.99	784.764
1331.46	775.054
1360.62	763.82
1395.57	751.305
1434.9	738.59
1476.26	727.436
1517.15	720.046
1555.74	718.878
1591.17	726.555
1623.65	745.78
1654.15	779.06
1683.93	827.949
1713.74	891.585
1743.11	965.074
1770.13	1039.51
1792.41	1105.12
1808.5	1155.81
1818.45	1191.09
1823.27	1214.48
1823.88	1230.72
1820.5	1244.27
1812.32	1259.01
1797.62	1278.54
1774.18	1305.97
1740.61	1342.94
1697.99	1388.01
1650.74	1436
1605.11	1479.75
1566.24	1513.42
1536.3	1534.46
1514.68	1543.3
1499.42	1541.91
1488.45	1532.64
1480.14	1517.89
1473.4	1500.02
1467.51	1481.25
1461.89	1463.14
1455.87	1446.2
1448.6	1429.71
1438.94	1412.07
1425.82	1391.52
1408.67	1367.08
1388.11	1339.36
1366.05	1310.7
1345	1284.26
1326.95	1262.57
1312.68	1246.82
1301.96	1237.09
1294.1	1233.05
1288.33	1234.45
1283.95	1241.34
1280.36	1254.13
1277.01	1273.57
1273.36	1300.38
1268.97	1334.59
1263.47	1374.84
1256.69	1418.45
1248.59	1462.53
1239.22	1505.11
1228.7	1545.59
1217.3	1584.08
1205.55	1620.38
1194.28	1653.53
1184.42	1682.27
1176.66	1705.84
1171.32	1724.48
1168.45	1739.32
1168	1752.02
1170.05	1764.39
1174.73	1778.1
1182.05	1794.32
1191.53	1813.42
1202.04	1834.94
1211.96	1857.95
1219.67	1881.77
1223.94	1906.44
1224.13	1932.72
1220.11	1961.59
1212.11	1993.71
1200.7	2028.75
1186.8	2065.05
1171.69	2099.76
1156.8	2129.72
1143.24	2152.62
1131.3	2167.59
1120.33	2174.97
1109.06	2175.67
1095.98	2170.81
1079.55	2161.57
1058.2	2149.14
1030.63	2134.74
996.35	2119.68
956.616	2105.47
914.646	2093.74
874.727	2085.98
840.574	2083.24
814.135	2085.95
795.475	2094.01
783.407	2106.93
776.216	2123.79
772.141	2143.25
769.57	2163.5
767.065	2182.48
763.317	2198.29
757.074	2209.68
747.097	2216.19
732.235	2217.85
711.709	2214.99
685.521	2208.17
654.739	2198.33
621.358	2186.73
587.658	2174.72
555.275	2163.43
524.449	2153.49
493.782	2144.93
460.651	2137.4
422.219	2130.38
376.865	2123.45
325.514	2116.48
271.907	2109.67
221.279	2103.34
178.23	2097.69
145.372	2092.68
123.42	2087.96
112.162	2082.94
111.418	2076.82
121.551	2068.63
143.484	2057.33
178.363	2041.88
227.069	2021.43
289.475	1995.53
363.262	1964.7
443.071	1930.74
521.482	1896.39
591.698	1864.16
649.55	1835.41
693.42	1810.35
723.233	1788.58
739.813	1769.41
744.663	1752.08
739.861	1735.92
727.94	1720.52
711.769	1705.83
694.338	1692.19
678.322	1680.13
665.522	1669.85
656.606	1660.96
651.41	1652.35
649.536	1642.36
650.84	1628.92
655.548	1609.95
664.054	1583.99
676.537	1551.05
692.687	1513.1
711.765	1473.58
732.942	1436.15
755.547	1403.54
778.966	1376.97
802.345	1356.27
824.432	1340.19
843.673	1326.66
858.421	1313.14
867.175	1296.93
868.915	1275.64
863.509	1247.74
851.953	1212.88
836.19	1171.92
818.555	1126.73
801.183	1080.04
785.605	1035.21
772.588	995.583
762.18	963.541
753.868	939.849
746.757	923.638
739.731	913.062
731.546	906.098
720.866	901.021
706.294	896.515
686.565	891.609
