631.682	906.158
600.132	895.485
570.226	885.992
543.94	877.839
522.093	870.889
504.779	864.692
491.743	858.492
482.551	851.217
476.636	841.551
473.255	828.219
471.362	810.526
469.472	788.874
465.709	764.806
458.154	740.356
445.362	717.142
426.785	695.858
402.965	676.44
375.526	658.624
346.986	642.418
320.264	628.202
297.915	616.451
281.458	607.338
271.292	600.524
267.283	595.25
269.636	590.552
279.495	585.481
298.861	579.329
329.697	571.934
372.687	563.891
426.581	556.41
488.447	550.79
554.245	547.907
619.298	548.004
678.967	550.821
729.764	555.95
770.451	563.258
802.363	573.245
828.737	587.133
853.63	606.594
880.912	633.029
913.397	666.441
952.094	704.409
995.947	742.163
1042.42	774.287
1088.59	797.043
1131.93	809.599
1170.54	813.647
1203.08	812.112
1228.98	807.865
1248.77	802.906
1264.1	798.112
1277.47	793.41
1291.99	788.09
1311.03	781.124
1337.7	771.594
1373.56	759.312
1417.47	745.431
1465.69	732.522
1513.63	723.996
1557.87	723.307
1597.16	733.456
1631.93	756.724
1663.49	794.369
1693.23	846.167
1721.99	909.895
1749.66	980.848
1774.98	1051.83
1796.07	1114.64
1811.51	1163.31
1821.2	1196.69
1826.04	1217.93
1827.05	1231.88
1824.44	1243.25
1817.27	1256.23
1803.4	1274.86
1780.32	1302.72
1746.77	1341.45
1704.63	1389.03
1658.92	1439.92
1615.45	1487.69
1578.21	1527.83
1548.72	1558.37
1526.8	1579.16
1511.29	1590.99
1500.66	1595.1
1493.35	1592.71
1488.02	1584.77
1483.61	1571.84
1479.4	1554.33
1474.9	1532.93
1469.86	1509.06
1464.12	1484.59
1457.42	1460.95
1449.17	1438.34
1438.5	1415.73
1424.47	1391.59
1406.69	1365
1385.87	1336.55
1363.93	1308.41
1343.22	1283.33
1325.53	1263.44
1311.53	1249.68
1300.97	1242.18
1293.13	1240.93
1287.19	1246.25
1282.39	1258.84
1278.01	1279.49
1273.45	1308.46
1268.23	1344.77
1262.03	1385.99
1254.71	1429.13
1246.16	1472
1236.34	1513.84
1225.47	1554.59
1214.17	1593.86
1203.46	1630.68
1194.42	1664.16
1187.93	1694.1
1184.55	1721.06
1184.56	1745.91
1187.98	1769.51
1194.48	1792.39
1203.38	1814.66
1213.66	1835.9
1224.03	1855.28
1233.21	1871.9
1240.33	1885.37
1245.08	1896.17
1247.54	1905.71
1247.78	1916.13
1245.53	1930.12
1240.08	1950.54
1230.52	1979.31
1216.2	2015.78
1197.1	2055.72
1173.77	2092.34
1146.64	2119.17
1115.71	2132.65
1080.8	2132.94
1042.1	2123.07
1000.46	2107.35
957.252	2089.99
914.266	2073.99
873.588	2060.9
837.511	2051.09
808.06	2044.34
786.275	2040.19
771.791	2038.17
763.126	2037.91
758.47	2039.3
756.366	2042.63
755.929	2048.64
756.742	2058.35
758.617	2072.69
761.366	2091.94
764.629	2115.22
767.822	2140.42
770.166	2164.75
770.734	2185.68
768.382	2201.59
761.575	2211.8
748.366	2216.17
726.902	2214.86
696.444	2208.34
658.148	2197.67
614.721	2184.37
569.113	2170.08
523.302	2155.97
477.879	2142.63
432.369	2130.02
386.026	2117.78
339.009	2105.52
293.499	2093.17
253.632	2081.12
223.633	2070
205.635	2060.2
199.183	2051.62
202.322	2043.76
212.752	2036.13
228.329	2028.42
247.13	2020.59
267.495	2012.72
288.226	2004.91
308.996	1996.94
330.918	1987.98
356.964	1976.33
391.471	1959.47
437.873	1935.05
495.285	1902.5
556.771	1863.99
611.878	1823.7
651.95	1785.73
673.937	1752.45
680.294	1724.32
676.303	1700.7
667.331	1680.49
657.286	1662.37
648.268	1644.76
640.95	1625.87
635.225	1603.89
630.816	1577.47
627.634	1546.32
625.874	1511.69
625.904	1476.34
628.05	1443.59
632.451	1415.91
639.058	1393.96
647.67	1376.89
657.933	1363.26
669.332	1351.87
681.316	1342.01
693.532	1333.17
706.016	1324.75
719.128	1315.85
733.152	1305.18
747.702	1291.13
761.356	1272.15
771.989	1247.26
777.803	1216.76
778.383	1182.57
774.928	1147.63
769.471	1114.69
763.745	1085.16
758.556	1058.97
753.831	1035.28
748.966	1013.33
743.097	992.92
735.22	974.293
724.209	957.707
708.85	943.073
688.136	929.915
661.941	917.689
