698.444	1433.77
709.331	1411.47
719.098	1390.76
727.719	1371.58
735.198	1353.84
741.567	1337.42
746.872	1322.19
751.172	1307.99
754.53	1294.66
757.006	1282.03
758.659	1269.95
759.538	1258.26
759.681	1246.84
759.12	1235.54
757.873	1224.27
755.955	1212.93
753.372	1201.44
750.124	1189.73
746.211	1177.74
741.632	1165.44
736.388	1152.8
730.478	1139.8
723.911	1126.42
716.695	1112.67
708.845	1098.54
700.378	1084.06
691.32	1069.23
681.695	1054.07
671.536	1038.6
660.877	1022.84
649.755	1006.83
638.213	990.599
626.294	974.173
614.048	957.598
601.528	940.918
588.791	924.186
575.9	907.462
562.922	890.81
549.927	874.304
536.993	858.019
524.196	842.037
511.619	826.44
499.34	811.31
487.442	796.724
476	782.757
465.089	769.474
454.777	756.931
445.127	745.175
436.194	734.239
428.027	724.146
420.67	714.906
414.158	706.52
408.524	698.976
403.793	692.257
399.991	686.338
397.14	681.187
395.263	676.772
394.383	673.058
394.525	670.008
395.718	667.588
397.992	665.765
401.385	664.508
405.935	663.792
411.685	663.592
418.684	663.89
426.979	664.672
436.623	665.928
447.665	667.655
460.154	669.855
474.135	672.536
489.644	675.712
506.709	679.405
525.345	683.642
545.55	688.459
567.306	693.894
590.573	699.994
615.288	706.807
641.364	714.383
668.69	722.772
697.13	732.02
726.525	742.169
756.693	753.247
787.432	765.274
818.526	778.253
849.744	792.168
880.849	806.984
911.6	822.647
941.759	839.078
971.098	856.181
999.402	873.841
1026.48	891.927
1052.16	910.297
1076.32	928.801
1098.84	947.289
1119.68	965.611
1138.79	983.626
1156.18	1001.2
1171.88	1018.23
1185.96	1034.59
1198.5	1050.23
1209.6	1065.06
1219.36	1079.04
1227.9	1092.15
1235.34	1104.37
1241.78	1115.7
1247.34	1126.15
1252.13	1135.76
1256.23	1144.55
1259.73	1152.58
1262.73	1159.91
1265.27	1166.58
1267.44	1172.68
1269.28	1178.28
1270.84	1183.44
1272.17	1188.25
1273.3	1192.78
1274.27	1197.12
1275.09	1201.34
1275.79	1205.53
1276.4	1209.75
1276.92	1214.09
1277.37	1218.61
1277.75	1223.39
1278.09	1228.49
1278.37	1233.97
1278.6	1239.9
1278.79	1246.33
1278.93	1253.31
1279.01	1260.89
1279.04	1269.1
1278.99	1278
1278.88	1287.6
1278.67	1297.95
1278.35	1309.08
1277.92	1321.01
1277.33	1333.77
1276.58	1347.37
1275.63	1361.85
1274.44	1377.2
1272.98	1393.45
1271.22	1410.59
1269.1	1428.62
1266.58	1447.51
1263.61	1467.26
1260.14	1487.83
1256.12	1509.18
1251.49	1531.26
1246.21	1554.03
1240.22	1577.43
1233.47	1601.4
1225.93	1625.88
1217.55	1650.8
1208.31	1676.1
1198.18	1701.69
1187.17	1727.5
1175.29	1753.45
1162.55	1779.45
1149.01	1805.4
1134.73	1831.2
1119.78	1856.74
1104.26	1881.92
1088.27	1906.64
1071.93	1930.78
1055.37	1954.25
1038.71	1976.95
1022.07	1998.81
1005.6	2019.74
989.402	2039.7
973.597	2058.61
958.286	2076.46
943.559	2093.21
929.491	2108.84
916.142	2123.35
903.555	2136.75
891.756	2149.05
880.755	2160.29
870.547	2170.49
861.11	2179.68
852.413	2187.93
844.409	2195.27
837.042	2201.75
830.249	2207.43
823.956	2212.34
818.086	2216.55
812.553	2220.09
807.268	2222.99
802.138	2225.3
797.064	2227.04
791.945	2228.22
786.675	2228.85
781.149	2228.95
775.259	2228.49
768.9	2227.47
761.968	2225.87
754.368	2223.64
746.017	2220.75
736.845	2217.16
726.802	2212.82
715.865	2207.66
704.038	2201.63
691.358	2194.66
677.899	2186.69
663.773	2177.65
649.128	2167.48
634.148	2156.12
619.049	2143.5
604.075	2129.59
589.489	2114.33
575.564	2097.67
562.581	2079.6
550.809	2060.09
540.504	2039.13
531.898	2016.73
525.188	1992.9
520.533	1967.68
518.044	1941.13
517.785	1913.33
519.763	1884.37
523.936	1854.37
530.205	1823.48
538.425	1791.87
548.405	1759.73
559.915	1727.25
572.694	1694.67
586.459	1662.23
600.916	1630.15
615.766	1598.68
630.72	1568.05
645.502	1538.47
659.865	1510.11
673.59	1483.14
686.496	1457.67
