713.373	915.17
695.466	904.437
671.553	893.456
642.178	881.491
609.792	868.578
578.006	855.215
550.108	841.804
527.969	828.322
511.922	814.427
501.236	799.844
494.601	784.63
490.395	769.117
486.782	753.623
481.708	738.148
472.981	722.235
458.687	705.116
438.166	686.149
413.121	665.346
387.807	643.511
367.682	621.785
357.304	601.021
358.837	581.575
371.646	563.57
392.663	547.276
417.306	533.255
440.946	522.133
460.508	514.191
475.298	509.16
486.595	506.417
496.685	505.355
508.184	505.623
523.808	507.183
546.178	510.256
577.213	515.187
616.992	522.245
662.789	531.411
709.563	542.347
752.261	554.747
788.241	568.897
817.943	586.045
843.84	608.263
868.825	637.638
894.851	674.928
922.167	718.382
949.506	763.842
975.17	806.336
998.25	841.961
1019.27	868.691
1040.22	885.93
1064.46	893.552
1096.32	891.228
1140.35	878.436
1199.55	855.207
1273.23	823.179
1355.68	786.151
1437.2	749.425
1507.87	718.038
1561.79	695.002
1598.79	680.902
1622.59	674.967
1638.07	676.525
1649.57	685.979
1660.55	705.232
1673.75	737.598
1691.25	786.742
1713.93	854.046
1740.57	935.224
1767.79	1019.59
1791.57	1094.52
1809.35	1151.94
1820.77	1190.86
1826.88	1215.16
1828.96	1230.25
1827.62	1241.16
1822.27	1252.22
1811.01	1267.65
1791	1291.58
1760.12	1326.76
1719.16	1372.31
1672.55	1423.13
1626.41	1472.02
1585.76	1512.81
1553.02	1541.96
1528.22	1558.36
1509.99	1562.39
1496.61	1555.17
1486.5	1538.69
1478.61	1516
1472.38	1491.13
1467.58	1468.15
1464.1	1449.93
1461.74	1437.25
1460.14	1429.21
1458.83	1424.15
1457.29	1420.36
1454.78	1416.25
1450.23	1410.13
1442.25	1400.19
1429.59	1385.04
1411.94	1364.75
1390.37	1341.39
1367.03	1318.66
1344.31	1300.72
1323.99	1291.07
1306.94	1291.9
1293.09	1304.05
1281.77	1327.14
1272.07	1359.67
1263.06	1399.05
1254.03	1441.99
1244.45	1485.67
1233.98	1528.75
1222.51	1571.21
1210.49	1612.95
1199	1652.82
1189.44	1688.99
1183.01	1720.1
1180.33	1746.13
1181.41	1768.24
1185.9	1788.16
1193.24	1807.38
1202.65	1826.72
1213.03	1846.13
1223.07	1864.96
1231.52	1882.68
1237.53	1899.55
1240.76	1917.09
1241.09	1937.96
1238.43	1965.34
1232.64	2001.75
1223.9	2047.42
1213.03	2099.01
1201.52	2150.19
1190.93	2194.33
1182.16	2227.6
1175.15	2249.73
1169.19	2262.45
1163.24	2267.55
1156.18	2266.12
1146.8	2258.57
1133.84	2245.03
1116.21	2225.84
1093.3	2202.07
1065.46	2175.74
1034.02	2149.42
1000.7	2125.35
966.924	2104.89
933.705	2088.56
901.857	2076.44
872.118	2068.63
845.045	2065.38
820.834	2067.21
799.087	2074.79
778.567	2088.24
757.104	2106.2
731.998	2125.39
701.093	2141.46
664.142	2151.02
623.586	2153.27
583.974	2150.07
550.108	2144.44
524.955	2139.01
508.68	2135.05
499.312	2132.69
494.226	2131.43
491.194	2130.78
488.508	2130.37
484.427	2129.92
476.362	2129.14
460.244	2127.62
431.043	2124.88
385.369	2120.57
325.14	2114.88
258.582	2108.59
196.261	2102.74
145.525	2097.98
108.525	2094.38
83.9618	2091.6
69.5202	2089.12
63.3394	2086.23
64.7138	2082.04
74.3726	2075.27
94.2512	2064.37
126.476	2047.68
171.831	2023.98
228.844	1992.69
294.274	1953.83
364.017	1907.98
432.956	1856.96
494.629	1804.53
543.112	1755.52
576.207	1713.43
596.082	1678.7
606.819	1649.04
611.89	1621.07
613.4	1591.98
612.537	1560.61
610.187	1527.84
607.228	1495.98
604.492	1467.45
602.675	1443.68
602.352	1424.72
604.124	1409.65
608.728	1397.14
616.982	1385.83
629.515	1374.7
646.37	1363.3
666.757	1351.96
689.253	1341.51
712.415	1332.86
735.359	1326.39
757.843	1321.91
779.872	1318.75
801.248	1316.12
821.305	1313.2
838.889	1309.08
852.521	1302.64
860.739	1292.53
862.49	1277.38
857.533	1256.45
846.779	1230.25
832.226	1200.54
816.272	1169.29
800.856	1137.69
787.091	1106.02
775.368	1074.23
765.6	1042.6
757.402	1012.13
750.201	984.365
743.276	960.718
735.701	941.79
726.249	927.065
