719.842	903.613
703.42	895.728
681.346	887.319
653.07	877.272
619.61	865.147
584.131	851.267
551.316	836.523
525.307	821.788
507.786	807.348
497.858	792.938
493.322	778.302
491.87	763.654
491.558	749.613
490.799	736.732
488.178	725.005
482.265	713.671
471.612	701.388
455.305	686.746
434.094	668.96
411.212	648.325
391.744	626.012
380.672	603.406
380.957	581.618
392.5	561.499
412.164	543.878
435.032	529.594
456.686	519.166
475.177	512.488
491.421	508.95
508.266	507.884
529.327	508.894
557.904	511.874
595.69	516.794
641.454	523.437
690.71	531.284
737.27	539.698
776.174	548.35
805.955	557.587
828.546	568.478
847.501	582.529
866.443	601.334
888.456	626.289
915.881	658.209
949.885	696.585
989.768	738.563
1032.79	778.693
1075.33	810.695
1114.71	830.47
1150.03	837.789
1181.29	835.551
1208.37	827.861
1230.8	818.407
1248.46	809.597
1262.06	802.395
1273.2	796.62
1284.23	791.406
1298	785.561
1317.56	777.878
1345.34	767.548
1382.11	754.706
1426.25	740.867
1474.32	729.006
1522.5	723.362
1568.2	729.198
1610.91	752.418
1651.83	798.245
1692.2	867.793
1731.24	953.891
1765.73	1041.63
1792.15	1116.18
1809.04	1170.77
1817.11	1207.5
1817.65	1232.99
1811.15	1254.48
1796.71	1278.32
1772.37	1309.77
1736.26	1352.47
1689.02	1406.41
1635.96	1466.06
1585.99	1521.73
1546.82	1565.1
1520.87	1593.67
1505.87	1610.03
1497.96	1618.36
1493.94	1621.98
1491.78	1622.65
1490.31	1620.78
1488.82	1615.61
1486.77	1605.63
1483.73	1589.33
1479.44	1566.28
1473.84	1537.79
1466.96	1506.41
1458.7	1474.74
1448.65	1444.29
1436.04	1415.11
1420.03	1386.19
1400.22	1356.51
1377.36	1326.27
1353.61	1297.39
1331.89	1272.88
1314.39	1255.2
1301.67	1245.32
1292.89	1243.22
1286.69	1248.87
1281.83	1262.69
1277.43	1285.05
1272.92	1315.46
1267.89	1352.15
1261.97	1392.78
1254.63	1435.58
1245.23	1480.04
1233.38	1526.24
1219.4	1573.41
1204.56	1619.01
1190.64	1659.48
1179.08	1692.16
1170.46	1716.59
1164.67	1734.13
1161.34	1747.03
1160.24	1757.78
1161.44	1768.95
1165.2	1783.23
1171.67	1803.16
1180.37	1830.72
1189.91	1866.93
1198.17	1911.96
1203.1	1965.27
1203.43	2025.22
1199.19	2088.06
1191.66	2147.72
1182.81	2197.4
1174.22	2232.47
1166.38	2252.21
1158.64	2258.77
1149.73	2254.78
1138.42	2242.03
1124.14	2221.88
1107.35	2196.37
1089.63	2168.71
1073.02	2142.55
1059.08	2120.64
1048.33	2103.97
1040.32	2092.1
1034.02	2083.95
1028.08	2078.38
1020.69	2074.35
1009.49	2070.92
991.958	2067.34
966.552	2063.19
933.877	2058.51
896.814	2053.84
859.238	2049.99
824.291	2047.88
793.169	2048.44
764.706	2052.46
735.781	2060.15
702.802	2070.68
664.199	2082.35
622.315	2093.49
582.413	2103.24
549.211	2111.3
524.251	2117.54
506.043	2121.89
491.599	2124.49
477.556	2125.63
460.5	2125.54
436.943	2124.27
403.446	2121.76
357.386	2117.87
298.787	2112.65
232.719	2106.57
169.425	2100.54
119.421	2095.46
87.2517	2091.67
70.7824	2088.8
65.5367	2086.09
68.4359	2082.72
78.7986	2077.73
97.8341	2070.06
127.792	2058.45
171.058	2041.68
229.148	2018.8
301.699	1989.56
385.826	1954.75
476.18	1916.36
565.531	1877.45
645.775	1841.77
709.941	1812.73
754.82	1791.91
781.894	1778.39
795.414	1769.63
799.542	1762.81
796.834	1755.59
788.269	1746.06
774.074	1732.7
754.722	1714.54
731.675	1691.37
707.4	1663.75
684.56	1632.51
665.079	1598.37
649.841	1562.11
639.024	1525.19
632.523	1490.02
630.143	1459.07
631.724	1433.72
637.356	1413.69
647.584	1397.65
663.435	1384.19
686.126	1372.46
716.298	1362.31
752.956	1353.94
793.035	1347.57
832.378	1343.1
867.43	1340.14
896.172	1338.12
917.926	1336.34
932.685	1333.88
940.451	1329.34
940.755	1320.54
932.665	1304.61
915.602	1278.83
890.687	1242.28
861.307	1196.84
831.929	1146.44
806.143	1095.32
785.582	1047.01
770.141	1004.36
758.689	969.521
749.652	943.36
741.31	925.095
731.938	912.667
