744.523	943.897
740.428	930.703
734.172	920.786
724.061	912.671
708.019	904.689
684.566	895.458
654.139	884.212
619.394	870.676
583.866	854.536
550.137	835.038
518.809	811.277
488.474	782.97
456.565	751.019
420.991	717.394
381.891	684.587
342.311	655.076
307.069	630.817
280.447	612.702
264.395	600.243
258.463	591.825
261.13	585.423
271.142	579.279
287.917	572.203
311.125	563.584
339.931	553.393
372.265	542.247
404.685	531.349
433.454	522.041
456.381	515.168
473.844	510.822
488.357	508.64
503.546	508.287
523.281	509.745
550.731	513.342
587.191	519.648
631.478	529.446
680.638	543.926
731.527	564.991
782.145	595.228
831.882	636.893
880.507	689.707
926.782	748.882
968.276	805.845
1002.95	852.118
1030.93	883.183
1054.72	899.131
1077.83	902.53
1103.2	896.266
1132.14	882.876
1163.84	864.959
1195.59	845.529
1223.88	827.632
1246.17	813.395
1262.04	803.367
1273.07	796.71
1281.96	791.937
1291.87	787.45
1306.38	781.699
1329.24	773.346
1363.08	761.851
1407.52	748.325
1458.65	735.897
1510.99	729.202
1560.42	733.652
1605.75	754.938
1648.17	797.975
1689.26	863.952
1728.73	946.451
1763.95	1031.59
1791.88	1105
1811.42	1159.2
1823.58	1194.58
1830.31	1215.72
1833.41	1227.93
1833.86	1235.69
1831.52	1242.7
1824.64	1252.86
1809.45	1271.3
1781.29	1303.66
1738.26	1352.16
1685.01	1411.69
1631.02	1471.71
1584.76	1522.86
1549.89	1561.02
1525.92	1586.65
1510.42	1602.15
1500.66	1609.89
1494.34	1611.22
1489.6	1606.15
1484.88	1593.56
1478.87	1572.09
1470.52	1541.58
1459.13	1503.87
1444.27	1462.07
1425.64	1418.9
1403.27	1375.98
1378.09	1334.59
1352.37	1296.75
1329.2	1265.11
1311	1241.54
1298.47	1226.06
1290.72	1217.22
1286.21	1213.24
1283.58	1213.06
1281.82	1216.82
1280.22	1226.02
1278.26	1243.15
1275.49	1270.43
1271.56	1308.14
1266.11	1354.03
1258.6	1404.92
1248.26	1458.83
1234.37	1515.42
1217.07	1574.09
1198.05	1631.49
1180.43	1681.49
1167.12	1718.69
1159.2	1742.14
1155.88	1755.25
1155.71	1762.79
1157.61	1768.45
1161.07	1774.34
1165.89	1781.41
1171.95	1789.98
1178.99	1800.1
1186.66	1811.87
1194.43	1825.97
1201.64	1844.04
1207.33	1868.49
1210.49	1901.61
1210.44	1944.3
1207.06	1994.72
1200.74	2048.01
1191.83	2097.67
1180.29	2137.72
1165.69	2163.92
1147.58	2174.32
1126.14	2169.62
1102.77	2153.54
1079.96	2132.09
1060.17	2111.33
1044.39	2095.02
1031.81	2083.85
1020.42	2076.62
1007.83	2071.65
991.692	2067.56
969.928	2063.41
941.181	2058.71
905.812	2053.4
866.82	2047.96
829.185	2043.19
797.189	2039.93
771.898	2038.71
751.007	2039.81
730.442	2043.6
706.031	2050.63
674.897	2061.27
636.957	2075.09
595.958	2090.27
558.367	2104.18
529.634	2114.75
510.973	2121.52
499.934	2125.32
493.154	2127.26
487.963	2128.13
482.365	2128.33
474.551	2127.97
462.526	2126.99
443.91	2125.16
415.834	2122.13
375.573	2117.44
323.331	2110.74
265.912	2102.1
215.466	2092.05
182.402	2081.05
170.523	2069.11
178.017	2056.07
200.154	2042.04
230.868	2027.73
263.941	2014.25
294.567	2002.5
320.66	1992.67
343.166	1984.05
365.555	1975.05
392.997	1963.48
430.905	1947.01
482.186	1924.41
544.442	1896.75
610.259	1867.33
671.036	1839.86
720.86	1816.78
757.7	1798.54
782.297	1784.09
796.452	1771.46
801.771	1758.22
799.02	1741.64
788.016	1718.73
768.184	1686.57
740.001	1643.46
706.566	1590.85
673.417	1534.45
646.05	1482.56
627.258	1441.96
616.649	1414.62
612.242	1397.97
612.255	1387.77
615.851	1380.4
622.979	1373.63
633.923	1366.43
648.951	1358.66
668.2	1350.76
691.649	1343.38
719.068	1337.1
749.898	1332.19
783.066	1328.47
816.649	1325.31
847.707	1321.7
872.803	1316.26
889.062	1307.39
894.834	1293.31
889.757	1272.62
874.912	1245.09
853.14	1212.32
828.675	1177.46
805.726	1143.68
786.96	1112.64
773.102	1084.19
763.583	1057.31
757.337	1031.23
753.227	1005.92
750.237	982.149
747.554	961.127
