739.879	964.207
731.471	943.981
717.897	925.722
696.924	908.227
667.198	890.133
630.107	870.829
590.353	850.654
553.663	830.33
523.599	810.381
500.381	791.04
481.748	772.342
464.298	753.977
444.513	735.013
419.636	714.041
388.797	690.229
354.091	664.772
320.22	640.922
291.937	621.836
271.555	608.489
258.882	599.809
252.774	594.01
252.516	589.409
258.551	584.516
272.507	577.959
296.03	568.747
328.504	556.902
365.734	543.797
401.746	531.462
432.158	521.424
455.808	514.2
474.176	509.594
490.246	507.215
507.863	506.846
531.38	508.564
564.647	512.622
608.791	519.1
660.173	527.524
711.415	536.942
755.719	546.632
790.491	556.915
817.483	569.464
840.817	586.987
865.06	612.248
893.983	646.425
929.958	687.589
973.846	730.412
1025.04	767.634
1081.2	792.983
1137.84	804.275
1188.84	804.471
1229.01	799.338
1257.12	793.562
1276.26	788.756
1291.64	784.26
1308.26	778.706
1330.02	770.878
1359.43	759.998
1397.17	745.95
1441.6	729.496
1488.93	712.27
1534.13	696.46
1572.56	684.278
1601.74	677.411
1622.28	676.976
1637.24	684.342
1650.63	702.346
1666.31	735.625
1687.01	788.493
1712.98	860.413
1741.67	943.416
1769.12	1025.4
1792.05	1096.09
1808.84	1150.44
1819.4	1188.63
1824.41	1214.39
1824.41	1232.88
1818.91	1249.58
1805.88	1270.09
1781.74	1300.28
1743.45	1344.51
1692.55	1401.5
1637.2	1462.39
1587.7	1515.88
1550.11	1555.24
1524.71	1579.97
1508.55	1592.58
1498.27	1595.52
1491.25	1589.98
1485.73	1576.47
1480.75	1556.03
1475.9	1531.03
1471.2	1504.81
1466.71	1480.35
1462.2	1459.12
1456.92	1440.71
1449.48	1423.15
1437.98	1403.68
1420.94	1380.16
1398.52	1352.86
1372.98	1325.08
1347.6	1301.87
1325.05	1287.98
1306.7	1286.69
1292.66	1299.24
1282.27	1324.59
1274.61	1359.29
1268.88	1397.86
1264.49	1434.12
1261.03	1463.57
1258.01	1485.25
1254.78	1501.55
1250.49	1516.5
1244.2	1534.2
1235.1	1557.85
1223.04	1588.83
1209.03	1625.71
1195.3	1664.32
1184.38	1699.94
1178.02	1730.06
1176.74	1755.13
1180.3	1777.37
1188.05	1799.04
1198.93	1821.42
1211.31	1844.45
1223.16	1867.11
1232.61	1888.6
1238.54	1909.38
1240.63	1931.69
1238.94	1958.96
1233.59	1994.67
1224.81	2040.46
1213.43	2094.15
1201.04	2149.1
1189.58	2197.02
1180.37	2232.47
1173.54	2254.87
1168.21	2266.56
1163.01	2270.07
1156.41	2266.7
1146.96	2256.68
1133.65	2240.17
1116.23	2218.39
1095.12	2194.1
1070.92	2171.08
1043.83	2153.25
1013.32	2143.55
978.642	2143.05
940.18	2150.3
900.56	2161.43
863.949	2171.34
833.712	2175.69
810.752	2172.26
793.845	2161.16
781.026	2144.18
770.624	2124.19
761.475	2104.47
752.574	2087.81
742.596	2075.86
729.654	2069.13
711.568	2067.43
686.779	2070.23
655.398	2076.65
619.381	2085.33
581.423	2094.62
543.26	2102.97
504.598	2109.31
463.313	2113.13
416.628	2114.32
362.705	2113.08
302.144	2109.78
238.879	2105.09
179.797	2099.83
132.365	2094.85
100.86	2090.61
84.7519	2086.88
81.2122	2082.88
88.3901	2077.52
106.3	2069.66
135.292	2058.61
173.692	2044.68
216.879	2029.32
258.994	2014.42
295.799	2001.25
326.289	1989.95
352.435	1979.54
378.086	1968.25
408.015	1953.7
446.928	1933.23
497.304	1904.88
556.268	1869.17
614.971	1830.14
663.309	1793.89
696.115	1765.14
714.384	1744.93
721.749	1731.23
721.347	1720.95
715.271	1711.6
705.229	1701.63
692.987	1690.09
680.352	1675.89
668.958	1657.18
660.084	1631.21
654.628	1595.14
653.208	1548.07
656.186	1493.47
663.327	1439.04
673.348	1393.04
684.127	1359.84
693.702	1338.88
701.185	1326.95
706.897	1320.68
712.031	1317.64
718.367	1316.41
728.166	1316.26
743.725	1316.73
766.133	1317.25
793.802	1316.73
822.243	1313.39
845.546	1304.83
858.466	1288.66
858.084	1263.45
844.934	1230.02
823.333	1192.25
799.93	1156.01
780.454	1125.98
767.204	1103.11
759.378	1085.12
755.029	1068.74
752.445	1051.34
750.459	1031.59
748.242	1009.55
745.026	986.48
