740.434	911.18
733.271	903.817
721.583	897.208
703.028	889.188
675.79	877.926
640.21	862.29
600.272	842.47
562.861	820.081
534.118	797.21
516.028	775.367
506.58	755.513
502.247	738.533
499.901	725.066
497.32	714.982
492.842	707.258
484.759	700.291
470.985	692.261
449.535	681.551
420.145	667.417
385.983	650.544
353.324	632.691
328.927	615.415
317.7	599.052
322.034	582.867
341.301	566.196
370.853	549.595
403.181	534.714
432.012	522.946
454.968	514.591
472.673	509.211
487.004	506.212
500.196	505.083
514.479	505.452
531.862	507.106
554.126	510.054
583.045	514.617
620.106	521.46
664.742	531.293
712.675	544.427
758.073	561.002
798.004	581.895
833.854	609.035
869.02	644.167
906.066	686.637
945.541	732.148
986.761	774.099
1029.29	806.553
1073.26	826.337
1118	833.524
1160.92	830.985
1198.41	823.079
1228.22	813.743
1250.54	805.218
1267.67	797.984
1283.3	791.247
1302.26	783.368
1330.16	772.247
1371.41	756.217
1425.28	735.562
1484.04	713.21
1537.25	693.1
1578.35	677.709
1606.62	667.332
1624.77	661.096
1636.09	658.149
1643.42	658.458
1649.22	663.643
1656.2	678.261
1667.82	710.528
1687.35	769.172
1715.27	855.073
1747.45	955.558
1777.26	1050.68
1799.73	1126.01
1813.32	1178.62
1818.62	1213.86
1816.24	1239.85
1805.38	1264.63
1783.53	1295.64
1747.72	1338.79
1698.26	1394.99
1642.11	1457.09
1590.13	1513.21
1550.06	1554.73
1523.23	1579.87
1506.72	1591.22
1496.63	1591.89
1489.8	1583.69
1484.21	1567.37
1478.79	1544.11
1473.15	1516.59
1467.18	1488.47
1460.56	1462.39
1452.53	1438.71
1441.91	1415.82
1427.38	1391.39
1408	1363.5
1383.94	1331.85
1357.35	1298.76
1332.06	1268.84
1311.73	1246.61
1297.73	1234.13
1289.08	1231.08
1283.8	1236.69
1280.12	1251.19
1276.9	1275.66
1273.55	1310.28
1270.02	1352.1
1266.56	1394.85
1263.47	1432.11
1260.82	1460.81
1258.37	1481.75
1255.66	1498.04
1252.01	1513.64
1246.57	1532.72
1238.65	1559.06
1228.35	1594.74
1217.28	1638.3
1208.24	1685.06
1203.68	1729.95
1204.58	1770.12
1210.2	1805
1218.68	1834.85
1227.72	1859.91
1235.35	1880.94
1240.43	1899.84
1242.45	1919.92
1241.12	1945.62
1236.03	1981.67
1226.97	2030.98
1214.64	2091.35
1201.13	2154.06
1189.09	2207.81
1180.2	2245.81
1174.38	2268.46
1170.53	2279.93
1167.25	2284.01
1163.16	2282.39
1156.66	2274.71
1146.06	2259.38
1130.39	2235.4
1110.49	2204.46
1089.1	2171.21
1069.31	2141.07
1052.88	2117.63
1039.51	2102
1027.22	2093.69
1012.92	2091.88
993.241	2095.77
965.986	2103.82
931.503	2112.73
892.901	2117.82
854.696	2115.22
820.922	2104.46
793.835	2088.92
773.605	2073.42
758.755	2061.32
746.892	2053.69
735.27	2050.26
721.083	2050.61
701.741	2054.59
675.522	2062.01
642.471	2072.15
604.618	2083.55
564.506	2094.37
522.779	2103.1
477.031	2108.91
423.275	2111.49
359.466	2110.95
288.816	2107.85
219.83	2103.27
162.02	2098.41
120.734	2093.99
95.8007	2090
84.3561	2085.97
83.8411	2081.26
92.9369	2075.21
111.356	2067.17
139.363	2056.51
176.786	2042.9
221.667	2026.71
270.292	2008.97
319.717	1990.37
370.561	1970.31
426.917	1946.9
492.852	1918.41
567.635	1885.28
643.404	1851.19
708.713	1821.44
756.031	1799.5
785.455	1785.19
801.537	1776.18
808.79	1770.04
810.007	1764.92
806.362	1759.27
797.936	1751.63
784.383	1740.55
765.691	1724.91
742.79	1704.24
717.68	1678.72
692.924	1648.6
670.902	1613.84
653.439	1574.75
641.782	1533.12
636.602	1491.96
638.067	1453.97
646.019	1420.61
660.039	1392.46
679.508	1369.8
703.829	1352.78
732.669	1341.22
765.818	1334.43
802.484	1331.31
840.431	1330.53
875.922	1330.81
905.003	1331.03
925.328	1330.38
936.833	1328.15
940.704	1323.4
937.754	1314.53
927.712	1299.19
909.915	1275.19
884.964	1242.02
855.825	1201.91
826.877	1158.59
801.765	1115.04
782.24	1072.6
768.343	1031.94
759.092	994.472
753.084	962.572
748.872	938.305
745.105	921.794
