719.678	913.964
696.928	902.397
666.45	892.53
628.283	882.717
585.661	872.324
544.892	861.654
512.608	851.413
491.975	841.722
481.664	831.652
478.25	819.82
478.697	805.288
480.988	788.109
483.694	769.444
485.557	751.147
485.341	734.749
481.713	720.548
473.003	707.49
457.218	693.826
433.099	678.068
402.198	659.898
369.961	640.391
343.835	621.064
330.068	602.576
332.055	584.481
349.631	566.267
378.268	548.562
410.34	533.061
439.273	521.19
462.476	513.24
480.885	508.669
497.231	506.717
514.777	506.798
536.667	508.631
565.493	512.21
602.638	517.688
647.329	525.239
696.106	535.001
743.567	547.18
784.877	562.449
818.843	582.643
848.425	610.982
878.091	650.821
910.589	702.87
945.051	762.518
977.456	820.436
1003.53	867.56
1021.65	900.063
1033.23	919.485
1041.09	929.448
1048.32	932.891
1058.11	931.082
1074.03	923.715
1099.93	909.601
1139.02	887.738
1192.91	858.263
1261.25	822.681
1341.43	783.513
1427.24	744.19
1507.67	709.199
1570.63	682.787
1610.87	666.354
1632.2	657.929
1642.13	654.414
1646.64	653.677
1649.17	655.2
1651.78	660.351
1656.41	673.153
1665.75	701.149
1683.05	754.169
1710.08	837.733
1743.95	943.009
1777.1	1046.72
1802.66	1127.65
1818.75	1180.25
1827.21	1211.02
1830.26	1228.99
1828.66	1241.66
1821.15	1255.4
1804.12	1276.85
1772.67	1312.68
1724.44	1365.77
1664.78	1429.86
1605.89	1490.65
1558.31	1535.32
1525.07	1559.05
1503.55	1563.27
1489.67	1551.72
1480.18	1528.95
1473.16	1500.49
1467.78	1472.46
1463.73	1449.83
1460.64	1434.32
1457.75	1424.25
1453.99	1416.42
1448	1407.57
1438.09	1394.7
1422.38	1375.04
1399.51	1346.79
1370.47	1311.11
1339.96	1273.76
1314.42	1242.66
1297.48	1222.16
1288.26	1211.18
1283.86	1206.28
1281.85	1204.77
1280.82	1205.62
1280.03	1209.51
1278.96	1219.03
1277.05	1238.64
1273.64	1272.85
1268.14	1322.52
1260.22	1382.96
1249.74	1447.08
1236.79	1509.99
1221.83	1570.11
1206.26	1626.74
1192.47	1677.74
1183.15	1720.15
1179.85	1753.04
1182.54	1778.79
1190.13	1801.23
1201.17	1823.08
1213.85	1844.9
1226.09	1865.63
1236.04	1883.98
1242.68	1899.98
1245.85	1915.72
1245.64	1935.26
1241.8	1963.97
1233.9	2006.75
1222.13	2063.97
1208.29	2127.9
1195.32	2185.95
1185.3	2229.54
1178.54	2257.97
1174.19	2274.84
1171.15	2283.86
1168.29	2287.21
1164.18	2285.23
1156.86	2276.61
1144.1	2259.46
1124.71	2233.68
1099.52	2203.03
1070.62	2174.14
1039.3	2153.42
1005.22	2144.74
967.644	2148.51
927.545	2161.51
888.229	2177.73
853.69	2190.5
826.183	2194.83
805.417	2188.4
789.606	2171.23
776.833	2145.57
765.746	2115.92
755.522	2088.24
745.298	2067.56
733.577	2055.91
718.175	2052.6
696.786	2055.96
667.999	2064.51
632.563	2076.73
594.144	2090.6
558.424	2103.65
530.341	2113.87
511.45	2120.57
499.807	2124.31
491.825	2126.09
483.514	2126.59
470.288	2126.04
446.901	2124.21
409.424	2120.61
358.809	2114.76
302.79	2106.27
253.813	2094.71
224.051	2079.67
220.11	2061.17
239.696	2040.48
272.357	2020.38
305.223	2003.91
330.057	1992.58
345.667	1985.76
355.071	1981.72
362.18	1978.65
370.996	1974.77
386.681	1967.74
416.403	1954.3
466.885	1931.31
537.457	1898.86
615.952	1862.13
685.701	1828.24
736.33	1801.4
766.471	1781.57
779.583	1766.44
779.87	1753.4
770.761	1740.38
754.89	1726.01
734.564	1709.55
712.248	1690.86
690.483	1669.91
671.071	1646
654.596	1617.46
641.047	1582.98
630.71	1543.58
624.273	1502.95
622.417	1465.15
625.634	1432.25
634.241	1404.16
648.093	1380.14
666.194	1359.95
686.951	1344.04
709.185	1332.85
732.9	1326.23
758.982	1323.4
788.132	1323.27
819.877	1324.75
852.123	1326.8
881.535	1328.43
904.806	1328.76
920.045	1326.93
926.959	1321.8
925.807	1311.53
916.604	1293.72
899.619	1266.43
876.409	1229.42
849.917	1184.21
823.487	1133.34
799.784	1080.28
780.115	1029.62
764.231	986.222
750.552	953.032
736.64	929.799
