726.252	904.974
708.899	899.878
681.3	893.941
643.427	886.668
600.218	878.555
559.285	870.437
526.243	862.557
502.902	854.228
488.631	844.072
481.946	830.43
481.157	812.058
484.39	789.274
489.491	764.745
494.295	742.44
497.194	725.156
497.292	713.08
493.801	704.394
485.192	696.502
468.956	686.752
443.071	673.033
409.255	654.752
374.88	633.303
350.135	610.941
342.649	589.14
354.22	568.3
380.661	548.751
413.569	531.613
443.797	518.397
465.678	509.776
478.776	505.052
485.927	502.858
490.515	502.071
495.602	502.173
504.714	503.236
522.639	505.86
554.301	511.008
601.154	519.617
658.569	532.374
718.288	550.206
773.87	575.196
823.676	610.782
869.753	660.275
914.3	723.323
956.211	792.273
991.065	853.919
1015.3	898.089
1029.5	923.76
1037.13	936.205
1041.83	941.08
1046.37	941.658
1053.12	938.894
1064.62	932.23
1083.64	920.419
1112.45	902.457
1151.79	878.558
1200.75	850.306
1258.41	819.484
1324.7	787.052
1397.38	754.114
1468.97	723.371
1530	698.082
1575.46	679.76
1606	667.825
1625.08	660.847
1636.48	657.64
1643.57	658.013
1649.28	663.783
1656.74	680.323
1669.76	717.357
1691.74	784.96
1722.2	882.611
1754.52	992.572
1779.63	1091.94
1791.45	1170.37
1787.6	1232.27
1767.29	1287.92
1730.77	1346.13
1680.73	1410.42
1623.98	1477.32
1570.87	1537.73
1530.93	1582.35
1507.39	1608.28
1496.44	1620.01
1492.13	1624.01
1490.42	1624.24
1489.38	1621.64
1488.13	1614.99
1486.1	1601.86
1482.94	1580.46
1478.77	1551.82
1474.09	1519.85
1469.46	1489.26
1465.17	1463.4
1461.04	1443.26
1456.28	1427.57
1449.6	1413.5
1439.14	1397.48
1422.57	1375.6
1398	1344.81
1366.6	1306.17
1334.62	1267.11
1309.53	1236.64
1294.1	1218.11
1286.28	1209.01
1282.77	1205.49
1281.21	1205.13
1280.35	1207.54
1279.54	1214.39
1278.29	1229.39
1276.15	1257.03
1272.92	1298.71
1268.76	1350
1264.07	1403.44
1259.02	1454.76
1253.28	1505.52
1246.57	1561.05
1239.57	1625.34
1234.55	1696.28
1234.05	1765.47
1238.45	1823.34
1245.37	1864.41
1251.69	1889.06
1255.78	1901.78
1257.73	1907.98
1258.24	1911.92
1257.72	1916.55
1256.06	1924.61
1252.6	1939.88
1246.12	1968.03
1235.28	2015.14
1220.02	2081.5
1203.03	2154.95
1188.5	2216.9
1178.66	2257.34
1172.89	2278.48
1169.34	2287.15
1166.25	2288.5
1162.03	2284.46
1154.93	2274.29
1143.03	2255.83
1125.01	2227.6
1101.82	2191.75
1077.28	2155.15
1055.77	2125.51
1038.93	2106.38
1025.22	2097.02
1011.56	2095.44
994.597	2100.27
971.513	2110.51
941.31	2124.38
906.092	2138.53
870.547	2148.72
839.124	2151.75
813.722	2146.74
793.871	2135.01
778.001	2119.21
764.04	2102.4
749.22	2087.58
729.772	2077.57
701.686	2074.6
663.498	2079.23
619.235	2089.4
577.009	2101.2
543.247	2111.3
519.048	2118.42
501.372	2122.76
485.284	2124.9
464.555	2125.15
431.722	2123.41
380.167	2119.46
309.357	2113.47
229.282	2106.43
156.829	2099.93
104.476	2095.13
73.4197	2092.19
57.6485	2090.54
50.9161	2089.47
49.754	2088.3
53.7175	2086.19
65.0943	2081.89
87.8949	2073.76
125.182	2060.6
176.137	2042.52
236.221	2020.82
300.963	1996.62
369.574	1969.67
444.993	1938.43
529.808	1901.78
619.703	1861.72
701.008	1824.37
759.467	1795.99
791.332	1777.86
802.657	1766.62
801.226	1757.9
791.971	1748.56
777.152	1736.79
757.847	1721.55
735.066	1702.24
710.444	1678.75
686.327	1651.43
664.882	1620.65
647.18	1586.66
633.416	1550.45
623.573	1514.31
617.641	1480.65
615.732	1450.67
618.233	1424.31
625.573	1401
637.579	1380.35
653.16	1362.47
670.939	1347.78
690.348	1336.61
712.288	1329.07
738.949	1324.98
772.424	1323.95
812.193	1325.22
853.66	1327.56
890.227	1329.51
917.146	1329.66
933.043	1326.55
938.443	1318.15
933.633	1301.3
917.944	1271.97
891.243	1227.27
856.603	1168.86
820.828	1104.3
790.903	1043.58
769.963	993.906
756.962	957.702
748.987	933.827
743.06	919.306
736.466	910.695
