746.91	930.28
743.219	917.973
736.066	909.178
721.853	901.299
696.735	891.734
659.819	878.341
615.737	859.934
573.063	836.496
539.598	809.242
518.582	780.628
508.273	753.961
504.224	732.283
501.962	716.881
498.255	706.657
490.74	699.013
477	691.163
454.26	680.777
420.52	666.405
377.329	648.332
331.803	629.167
293.782	612.53
269.501	600.415
259.219	592.163
260.483	585.686
271.688	578.853
292.9	570.029
324.263	558.413
363.188	544.646
403.216	530.937
437.367	519.77
462.852	512.311
482.012	508.289
500.262	507.008
524.344	508.186
560.825	512.04
612.444	518.654
673.488	527.103
731.358	535.488
775.805	542.221
804.836	547.013
822.17	550.69
832.758	554.854
841.101	562.293
851.626	577.87
868.812	607.842
895.467	655.45
930.674	715.931
970.507	777.462
1011.07	827.677
1050.66	859.39
1089.63	871.86
1128.65	868.759
1167.43	855.585
1204.38	837.901
1237.72	820.093
1267.47	804.268
1296.93	789.829
1331.93	774.38
1377.27	755.753
1432.04	734.125
1488.89	712.296
1539.26	693.579
1578.56	679.841
1606.72	671.51
1626.24	668.844
1640.53	673.455
1653.51	689.8
1669.57	725.8
1692.69	790.057
1723.86	883.302
1758.44	989.884
1788.51	1084.68
1809.21	1152.78
1820.59	1195.89
1824.27	1223.23
1820.45	1244.41
1806.66	1268.58
1777.99	1304.98
1730.66	1359.88
1668.66	1429.82
1605.69	1500.12
1555.79	1555.46
1523.69	1590.67
1505.99	1609.46
1497.11	1617.69
1492.67	1619.38
1489.97	1615.7
1487.41	1605.16
1484.04	1585.3
1479.58	1555.98
1474.55	1521.77
1469.86	1489.57
1466.1	1464.01
1463.35	1445.94
1461.28	1433.95
1459.27	1425.84
1456.09	1418.9
1449.37	1409.45
1435.29	1392.63
1410.55	1365
1376.94	1330.36
1342.24	1300.95
1313.83	1289.27
1293.83	1300.73
1280.67	1333.13
1272.07	1378.24
1266.46	1424.21
1263	1460.51
1261.09	1482.95
1260.14	1494.06
1259.57	1498.96
1258.93	1501.73
1257.79	1504.9
1255.61	1510.35
1251.63	1520.24
1244.88	1537.42
1234.45	1565.05
1220.54	1604.18
1205.47	1650.67
1192.96	1696.44
1185.83	1735.26
1184.84	1766.26
1189.31	1792.11
1197.87	1815.64
1208.7	1838.28
1219.72	1860.52
1229.04	1883.1
1235.22	1907.91
1237.18	1938.56
1233.9	1980.29
1224.79	2037.39
1211.09	2106.25
1196.3	2172.77
1183.72	2222.9
1173.95	2252.36
1165.31	2264.04
1155.22	2261.33
1141.1	2245.53
1121.55	2217.36
1097.7	2180.32
1073.62	2142.07
1054.09	2111.21
1041.16	2091.76
1033.35	2082.1
1027.76	2078.85
1021.81	2079.92
1013.28	2084.87
999.916	2094.33
979.443	2109.29
950.48	2129.71
914.38	2153.2
876.508	2175.08
843.791	2190.92
819.838	2198.76
803.519	2198.59
791.431	2190.88
780.159	2176.35
766.694	2156.78
747.75	2135.75
719.334	2118.17
678.299	2108.58
626.862	2108.36
575.209	2114.29
535.055	2121.15
510.584	2125.84
498.293	2128.18
492.641	2129.11
489.477	2129.39
485.835	2129.3
477.939	2128.71
458.87	2127.07
419.18	2123.57
354.786	2117.81
275.397	2110.61
199.125	2103.58
139.22	2097.83
99.2042	2093.56
76.7024	2090.17
68.6124	2086.57
74.2831	2081.08
96.3309	2071.43
138.526	2055.34
201.404	2031.88
280.106	2002.09
367.675	1967.82
459.339	1930.4
552.011	1890.98
640.201	1852.14
714.372	1818.41
765.942	1793.8
794.136	1778.6
805.019	1769.52
804.782	1762.55
796.222	1754.56
779.739	1743.48
755.934	1728.56
727.614	1710.65
699.495	1691.75
675.674	1673.29
657.554	1654.58
644.082	1632.66
633.411	1603.83
624.391	1566.59
617.128	1524.08
612.466	1482.67
611.171	1447.5
613.764	1419.85
620.804	1398.18
632.85	1380.3
650.016	1364.82
671.826	1351.53
697.805	1340.96
728.224	1333.58
763.817	1329.45
804.22	1328.1
846.239	1328.55
884.081	1329.51
912.474	1329.68
929.602	1327.92
936.432	1322.93
934.066	1312.75
922.469	1294.87
901.526	1267.55
873.103	1231.68
841.761	1191.23
812.87	1150.91
789.912	1112.96
773.614	1076.59
762.931	1040.44
756.274	1005.16
752.177	973.561
749.429	948.374
