735.149	916.483
723.431	907.083
704.396	899.657
675.567	892.184
637.047	883.589
593.385	873.899
552.443	863.976
520.716	854.487
499.993	844.909
488.43	833.609
483.031	818.819
480.539	799.69
477.026	776.59
467.59	750.448
447.164	722.012
412.92	691.96
367.405	661.864
319.453	634.781
280.021	614.06
255.221	600.933
243.927	593.719
242.081	589.475
247.424	585.63
260.719	580.205
284.654	571.553
321.202	558.718
367.616	542.562
414.489	526.338
450.911	513.839
472.88	506.472
484.087	503.039
490.248	501.793
495.863	501.726
504.875	502.642
522.399	504.979
554.996	509.594
606.386	517.086
670.245	526.733
731.615	536.661
778.757	545.542
809.884	553.735
829.851	563.194
845.053	577.305
861.242	600.868
882.978	638.99
912.337	693.247
946.988	757.006
981.171	817.146
1010.32	862.871
1034.33	891.031
1056.83	903.474
1082.39	902.826
1113.84	891.494
1150.59	872.687
1189.51	850.476
1227.81	828.266
1265.57	807.443
1306.09	787.281
1354.45	765.831
1413.45	741.766
1478.81	716.465
1539.88	693.866
1587.07	677.692
1617.91	669.364
1636.29	668.777
1648.31	676.757
1659.74	697.389
1675.69	738.907
1700.09	810.098
1732.83	909.439
1767.68	1016.99
1796.46	1106.98
1815.51	1168.12
1825.92	1204.62
1829.96	1225.69
1828.73	1239.91
1820.93	1254.93
1802.01	1279.19
1765.13	1321.89
1707.72	1386.6
1639.99	1462.26
1580.17	1528.73
1538.94	1574.19
1514.93	1600.09
1502.09	1612.93
1495.28	1617.68
1491.32	1616.22
1488.22	1607.62
1484.55	1589.13
1479.44	1559.18
1472.85	1521.31
1465.12	1482.95
1455.97	1449.08
1443.91	1419.04
1426.85	1388.92
1403.33	1355.06
1374.03	1316.71
1342.76	1277.42
1315.52	1243.79
1296.91	1221.04
1287.06	1209.17
1282.86	1204.37
1281.25	1203.13
1280.56	1204.1
1280.03	1208.21
1279.16	1219.03
1277.44	1242.81
1274.49	1284.42
1270.58	1339.84
1266.54	1395.89
1263.02	1440.85
1259.99	1471.98
1256.82	1493.29
1252.57	1510.77
1246.08	1530.07
1236.27	1555.79
1222.67	1590.48
1206.37	1632.8
1190.37	1676.39
1178.12	1713.45
1171.36	1740.68
1170.01	1760.66
1173.57	1778.32
1181.58	1797.81
1193	1821.37
1205.63	1849.87
1216.51	1884.44
1222.78	1927.94
1222.4	1984.27
1214.98	2054.65
1202.57	2132.33
1189.45	2202.08
1179.5	2250.47
1173.58	2276.34
1170.14	2287.03
1167.23	2289.19
1163.08	2285.37
1155.66	2274.65
1142.54	2253.97
1122.12	2221.09
1096.32	2179.44
1071.01	2138.96
1051.61	2108.86
1039.07	2091.21
1031.07	2083.09
1024.46	2081.27
1016.03	2084.45
1002.18	2093.4
979.154	2109.86
945.404	2134.05
904.751	2161.98
865.382	2186.53
833.907	2201.94
811.58	2206.03
796.001	2198.82
784.159	2181.36
773.928	2156.4
764.175	2128.69
754.035	2103.47
741.844	2084.42
724.446	2073.25
698.024	2070.5
661.36	2075.51
618.584	2085.73
576.472	2097.49
539.061	2107.75
505.548	2115.02
471.32	2118.91
429.64	2119.55
373.732	2117.1
300.618	2111.92
217.079	2105.02
141.267	2098.21
90.3193	2093.02
66.3963	2089.38
61.6022	2085.98
69.8462	2081.17
90.0988	2073.43
123.642	2061.56
170.043	2045.44
223.972	2026.79
275.532	2008.96
315.489	1995.08
341.264	1985.98
357.25	1980.05
370.393	1974.7
387.359	1967.31
414.91	1954.98
459.804	1934.58
524.345	1904.65
600.383	1868
671.232	1830.95
722.168	1798.97
748.116	1773.45
752.066	1752.3
739.885	1732.79
718.086	1713.87
693.609	1696.66
672.17	1682.77
656.347	1672.63
645.898	1665.18
639.297	1658.25
634.854	1648.44
631.303	1630.97
628.231	1601.25
626.446	1558.48
627.759	1507.45
634.009	1455.98
645.801	1410.76
661.819	1375.25
679.458	1350.07
696.668	1334.09
713.549	1325.24
732.388	1321.33
756.43	1320.64
787.882	1322
825.467	1324.47
863.69	1326.92
895.811	1328.1
917.631	1326.69
928.086	1321.03
927.155	1308.49
914.349	1285.73
889.973	1250.68
857.726	1205.43
824.484	1155.72
796.454	1106.92
776.154	1061.27
762.813	1019.22
754.263	982.032
748.211	952.053
742.553	930.58
