745.671	997.117
740.57	962.809
731.398	935.296
715.841	915.63
690.933	901.606
654.539	890.179
608.986	879.328
562.753	868.852
525.294	859.553
500.467	851.596
486.376	843.78
479.155	834.004
475.167	820.099
470.578	800.488
460.107	774.387
437.448	741.872
399.421	704.728
351.438	667.532
306.171	636.261
273.963	614.345
256.823	600.816
252.009	592.288
257.571	585.302
274.237	577.048
304.045	565.507
346.538	550.216
394.766	533.3
436.957	518.733
465.271	509.233
481.033	504.47
490.431	502.672
499.443	502.597
513.314	503.96
537.51	507.123
577.03	512.636
632.992	520.604
697.876	529.963
756.449	538.572
797.122	544.807
819.967	548.786
831.637	551.851
838.474	555.988
845.194	564.438
856.364	582.949
877.143	619.384
911.047	678.026
955.673	750.48
1003.07	816.727
1046.85	860.235
1086.51	877.807
1124.53	875.446
1162.05	861.327
1197.53	842.654
1228.09	824.76
1252.4	810.337
1272.81	799.028
1295.37	788.16
1328.22	774.142
1377.52	754.368
1440.77	729.739
1505.19	705.039
1557.93	684.984
1595.14	670.896
1619.28	661.794
1633.94	656.364
1642.27	653.646
1647	653.624
1651.05	659.289
1659.1	681.203
1677.9	738.128
1710.47	838.65
1749.8	960.883
1784.66	1070.19
1808.98	1148.43
1822.49	1196.97
1827.01	1225.85
1823.39	1246.26
1809.94	1268.55
1781.68	1303.05
1732.67	1358.78
1665.09	1434.33
1595.66	1511.36
1543.13	1568.97
1512.73	1601.06
1498.34	1613.9
1492.07	1615.37
1488.86	1609.87
1486.28	1598.47
1483.23	1580.47
1479.17	1554.92
1473.99	1523.13
1468.03	1489.96
1461.4	1460.43
1453.09	1435.16
1440.61	1410.08
1420.85	1379.72
1392.77	1341.65
1360.42	1300.09
1331.21	1263.57
1309.99	1237.68
1296.64	1222.2
1288.73	1214.56
1284.11	1212.97
1281.29	1217.15
1279.25	1228.39
1277.19	1249.82
1274.46	1285.69
1270.76	1336.75
1266.53	1393.87
1262.57	1442.46
1259.03	1475.92
1255.18	1498.46
1249.63	1518.27
1240.77	1542.68
1227.47	1576.32
1210.36	1618.93
1192.49	1664.49
1178.06	1704.69
1169.87	1735.28
1168.64	1758.44
1174.25	1779.56
1186.45	1803.24
1203.95	1830.75
1223.27	1858.97
1239.66	1882.27
1250.27	1897.23
1255.64	1904.89
1257.87	1908.41
1258.58	1910.53
1258.35	1913.55
1256.79	1921.21
1252.38	1940.74
1243.07	1980.76
1228.32	2042.19
1210.32	2112.65
1192.09	2174.15
1174.72	2214.28
1156.78	2229.11
1135.66	2219.93
1110.13	2191.42
1082.76	2153.14
1059.3	2117.98
1043.64	2094.27
1035.09	2081.88
1030.69	2076.71
1027.62	2075.49
1023.44	2077.18
1015.04	2082.87
998.014	2095.28
968.706	2116.46
928.7	2143.87
885.714	2169.62
847.689	2185.02
817.795	2184.76
795.134	2167.94
777.524	2138.7
763.064	2105.82
749.975	2078.63
735.784	2062.19
717.26	2056.59
691.379	2059.8
656.808	2069.58
615.463	2083.53
573.206	2098.53
537.597	2111.24
512.797	2119.72
496.911	2124.19
484.066	2125.92
466.575	2125.75
434.94	2123.72
380.246	2119.41
303.001	2112.94
218.386	2105.66
145.641	2099.3
94.9022	2094.82
65.4894	2092.21
51.0494	2090.89
44.9974	2090.24
43.3302	2089.71
45.394	2088.53
54.6289	2085.13
78.5896	2076.7
123.912	2060.78
188.745	2037.7
264.458	2009.92
344.952	1978.94
430.251	1944.22
521.838	1905.18
615.664	1863.9
699.518	1826.06
760.226	1797.75
794.442	1780.57
808.796	1771.3
811.198	1765.41
805.285	1759.13
790.861	1749.77
767.409	1736.06
737.658	1719.19
707.289	1702.08
681.249	1687.24
661.649	1675.47
648.389	1666.02
640.357	1656.8
636.208	1643.98
634.846	1621.52
635.878	1582.9
639.985	1527.27
648.273	1464.34
660.51	1408.54
674.53	1368.31
687.823	1343.5
699.424	1329.88
710.73	1323.11
725.321	1320.19
747.774	1319.27
780.426	1318.88
819.187	1316.91
853.87	1310.15
874.256	1294.98
875.097	1268.87
857.447	1232.56
828.328	1191.39
798.027	1153.77
774.826	1126.47
761.194	1110.78
754.795	1103.32
752.206	1099.76
751.186	1096.86
750.699	1091.93
750.283	1081.62
749.625	1062.25
748.32	1032.71
