645.7	1653.19
655.41	1623.75
664.505	1593.54
672.833	1562.68
680.245	1531.28
686.605	1499.44
691.791	1467.26
695.698	1434.83
698.246	1402.22
699.375	1369.5
699.056	1336.73
697.285	1303.99
694.089	1271.34
689.521	1238.84
683.664	1206.58
676.625	1174.63
668.536	1143.11
659.547	1112.1
649.825	1081.73
639.548	1052.12
628.898	1023.39
618.062	995.67
607.218	969.066
596.535	943.689
586.171	919.633
576.26	896.973
566.918	875.763
558.234	856.036
550.275	837.802
543.08	821.049
536.666	805.742
531.027	791.827
526.141	779.236
521.968	767.883
518.458	757.676
515.555	748.513
513.196	740.291
511.322	732.903
509.872	726.249
508.793	720.227
508.037	714.746
507.564	709.719
507.34	705.066
507.342	700.719
507.553	696.616
507.965	692.707
508.579	688.948
509.401	685.309
510.447	681.766
511.738	678.307
513.302	674.929
515.177	671.637
517.404	668.443
520.035	665.37
523.126	662.442
526.742	659.694
530.954	657.162
535.838	654.885
541.478	652.907
547.958	651.271
555.364	650.022
563.781	649.205
573.29	648.863
583.962	649.039
595.859	649.772
609.025	651.098
623.487	653.05
639.248	655.652
656.288	658.925
674.56	662.878
693.994	667.51
714.492	672.811
735.936	678.755
758.186	685.303
781.088	692.405
804.477	699.996
828.181	707.997
852.024	716.321
875.836	724.873
899.449	733.552
922.705	742.254
945.46	750.879
967.583	759.332
988.957	767.526
1009.49	775.386
1029.1	782.853
1047.73	789.883
1065.34	796.453
1081.91	802.553
1097.45	808.195
1111.98	813.407
1125.51	818.231
1138.12	822.723
1149.84	826.949
1160.76	830.986
1170.94	834.915
1180.47	838.825
1189.44	842.805
1197.94	846.947
1206.06	851.345
1213.9	856.091
1221.55	861.274
1229.11	866.983
1236.67	873.3
1244.31	880.302
1252.12	888.061
1260.15	896.636
1268.46	906.077
1277.08	916.421
1286.04	927.69
1295.32	939.894
1304.89	953.024
1314.71	967.057
1324.71	981.955
1334.78	997.67
1344.82	1014.14
1354.69	1031.29
1364.25	1049.05
1373.37	1067.33
1381.88	1086.06
1389.66	1105.15
1396.56	1124.52
1402.48	1144.08
1407.31	1163.76
1410.98	1183.48
1413.46	1203.18
1414.72	1222.77
1414.78	1242.19
1413.68	1261.37
1411.48	1280.24
1408.26	1298.75
1404.14	1316.82
1399.23	1334.42
1393.65	1351.48
1387.55	1367.98
1381.04	1383.88
1374.24	1399.17
1367.28	1413.84
1360.24	1427.9
1353.21	1441.38
1346.25	1454.33
1339.4	1466.78
1332.69	1478.8
1326.13	1490.49
1319.69	1501.91
1313.37	1513.16
1307.1	1524.36
1300.85	1535.58
1294.53	1546.95
1288.08	1558.55
1281.42	1570.49
1274.47	1582.84
1267.12	1595.68
1259.31	1609.08
1250.92	1623.08
1241.9	1637.72
1232.15	1653.02
1221.6	1668.98
1210.19	1685.6
1197.87	1702.84
1184.61	1720.68
1170.37	1739.06
1155.14	1757.91
1138.95	1777.15
1121.82	1796.7
1103.81	1816.44
1084.98	1836.26
1065.44	1856.04
1045.28	1875.64
1024.64	1894.93
1003.65	1913.75
982.457	1931.98
961.197	1949.47
940.01	1966.1
919.029	1981.74
898.371	1996.31
878.139	2009.7
858.417	2021.85
839.27	2032.72
820.745	2042.26
802.866	2050.48
785.645	2057.39
769.075	2063
753.138	2067.37
737.808	2070.56
723.053	2072.65
708.839	2073.71
695.131	2073.84
681.9	2073.15
669.118	2071.72
656.765	2069.66
644.827	2067.08
633.297	2064.06
622.172	2060.69
611.455	2057.07
601.155	2053.25
591.281	2049.32
581.849	2045.31
572.873	2041.28
564.371	2037.26
556.361	2033.28
548.864	2029.34
541.9	2025.45
535.49	2021.61
529.657	2017.79
524.425	2013.98
519.816	2010.14
515.855	2006.22
512.565	2002.16
509.971	1997.92
508.095	1993.4
506.958	1988.54
506.581	1983.24
506.982	1977.4
508.176	1970.92
510.177	1963.7
512.993	1955.61
516.628	1946.57
521.08	1936.44
526.34	1925.14
532.391	1912.58
539.208	1898.68
546.755	1883.38
554.984	1866.63
563.835	1848.41
573.238	1828.71
583.106	1807.55
593.34	1784.97
603.83	1761.02
614.451	1735.77
625.067	1709.32
635.534	1681.75
