726.732	939.447
706.511	919.207
674.091	902.54
629.536	888.69
579.796	877.167
535.886	867.721
504.878	859.505
486.791	850.795
478.439	839.59
476.868	824.304
479.877	804.303
485.536	780.524
491.754	755.958
496.312	734.703
497.371	719.091
493.312	707.979
481.429	697.925
457.371	685.121
418.307	667.371
368.763	646.178
320.225	626.023
282.544	610.609
258.448	600.719
245.512	595.04
240.437	591.622
242.208	588.453
253.606	583.225
279.515	573.638
320.693	559.249
369.942	542.671
417.249	527.82
457.605	517.38
493.719	512.132
533.737	511.901
586.427	516.337
653.658	524.5
724.012	534.024
779.565	541.958
812.7	547.08
828.957	550.305
836.752	553.307
841.767	557.965
847.507	566.818
857.016	583.724
874.053	614.222
902.883	663.755
944.64	730.121
993.329	797.216
1040.16	845.814
1081.59	869.107
1119.32	871.88
1154.88	862.218
1187.33	847.242
1215.17	831.718
1238.25	817.898
1257.78	806.263
1276.61	796.031
1300.18	785.057
1337.12	769.826
1394.9	747.255
1469.06	718.882
1541.04	691.694
1593.97	672.149
1624.81	661.722
1640.24	658.644
1648.28	661.662
1654.78	672.581
1664.19	697.724
1681.12	748.368
1709.68	836.126
1748.37	955.936
1786.44	1074.33
1813.15	1158.03
1827.23	1203.56
1833	1225.47
1833.87	1237.01
1830.68	1246.06
1821.83	1258.33
1802.81	1280.57
1766.08	1321.92
1706.88	1387.91
1635.08	1467.53
1572.13	1536.68
1530.68	1580.99
1508.31	1602.56
1497.16	1608.82
1490.98	1604.1
1486.19	1588.62
1481.1	1561.67
1475.43	1526.17
1469.92	1490
1465.52	1461.1
1462.4	1441.94
1459.94	1430.11
1456.9	1421.63
1450.97	1411.88
1438.3	1395.06
1415.16	1366.1
1382.7	1326.27
1348.3	1284.69
1319.82	1251.39
1300.52	1231.15
1289.2	1223.96
1282.93	1228.47
1279.09	1244.28
1275.97	1272.17
1272.65	1312.81
1268.85	1363.55
1264.94	1415.11
1261.54	1455.96
1258.68	1482.51
1255.56	1500.02
1250.69	1516.53
1242.12	1539.47
1228.46	1573.41
1210.74	1616.56
1192.6	1660.77
1177.7	1697.94
1167.63	1725.32
1162.53	1744.81
1162.56	1760.5
1168.61	1777.39
1181.68	1799.75
1200.5	1827.9
1220.35	1856.81
1236.12	1880.82
1245.86	1899.01
1250.17	1915.09
1249.87	1935.14
1244.94	1966.27
1234.87	2014.72
1219.96	2081.51
1202.66	2157.02
1187.45	2222.54
1177.51	2264.56
1172.47	2284.81
1170.1	2292.39
1168.36	2293.84
1165.49	2290.88
1159	2281.23
1145.6	2260.32
1123.8	2226.37
1096.58	2185.35
1069.23	2147.72
1044.81	2121.33
1022.61	2108.8
999.645	2109.38
972.642	2121.07
939.63	2141.4
901.366	2166.73
862.6	2191.11
830.114	2207.39
807.243	2210.88
792.137	2200.44
781.23	2177.32
772.269	2145.59
764.745	2112.27
758.848	2084.06
754.424	2063.81
750.656	2051
745.815	2044.25
736.474	2042.9
717.279	2047.42
684.147	2058.28
639.766	2073.92
593.194	2090.64
552.667	2104.96
520.769	2115.17
494.177	2121.11
464.382	2123.16
419.053	2121.56
349.254	2116.5
261.564	2109.12
177.25	2101.52
115.17	2095.37
80.3359	2090.84
67.5368	2086.96
70.4245	2082.27
86.3174	2075.22
115.652	2064.46
158.738	2049.35
211.777	2030.96
264.944	2012.54
307.49	1997.72
336.238	1987.49
356.398	1979.87
377.082	1971.27
409.102	1957.13
462.627	1932.88
539.144	1897.52
624.47	1856.84
697.332	1819.66
745.141	1790.66
767.249	1768.72
768.483	1749.89
754.117	1730.29
729.194	1707.7
699.807	1682.25
672.286	1655.12
650.206	1626.05
633.645	1592.95
621.325	1554.81
612.274	1514.35
605.944	1476.79
602.019	1446.01
600.563	1422.65
602.315	1404.95
608.789	1390.1
621.485	1375.42
639.932	1359.84
660.646	1344.58
679.194	1331.83
693.19	1322.79
703.097	1317.27
711.396	1314.38
721.899	1313.19
739.012	1312.7
764.959	1310.99
795.328	1303.83
818.777	1285.02
824.592	1250.93
812.526	1206.87
792.926	1164.99
775.791	1133.38
764.29	1111.49
757.49	1094.83
753.695	1079.08
751.484	1061.26
749.819	1040.02
747.822	1015.61
744.462	989.387
738.224	963.296
