720.986	936.417
693.389	914.113
651.959	897.146
599.387	883.625
545.827	872.856
504.359	865.061
480.476	859.809
470.111	855.459
467.155	849.772
468.205	840.19
472.305	823.986
479.208	799.837
487.719	770.67
495.439	743.351
500.3	723.281
501.472	710.774
498.189	702.747
487.749	695.249
464.6	684.313
424.058	667.259
370.73	645.556
319.063	624.643
281.159	608.904
259.454	598.704
251.052	591.961
253.463	586.217
266.628	579.28
292.57	569.207
332.529	554.95
381.309	538.069
426.79	522.716
459.612	512.187
480.017	506.66
494.653	504.683
512.195	505.314
541.929	508.76
589.731	515.656
651.072	525.963
713.642	539.566
768.671	558.294
815.367	586.655
857.944	630.419
900.983	692.709
945.011	768.268
984.922	841.75
1014.1	896.5
1030.79	926.911
1039.03	939.338
1044.48	942.26
1051.94	939.663
1066.33	931.078
1093.04	913.846
1133.93	886.985
1181.84	855.339
1223.73	827.637
1252.17	808.963
1269.19	798.185
1281.04	791.565
1294.58	785.429
1318.09	776.062
1361.38	759.465
1428.22	734.123
1505.77	704.946
1571.81	680.54
1614.32	665.952
1636.58	661.16
1648.02	665.233
1656.8	680.162
1668.87	712.7
1689.48	774.528
1722.08	874.788
1762.34	999.679
1797.99	1110.98
1820.62	1182.64
1831.32	1218.2
1834.9	1233.44
1834.51	1240.97
1830.02	1248.68
1817.28	1264.06
1787.95	1297.35
1735.2	1356.4
1666.32	1433.14
1601.22	1505.35
1553.24	1558.13
1522.91	1590.51
1505.42	1606.86
1495.67	1610.52
1489.51	1601.73
1484	1578.6
1477.75	1541.96
1471.14	1500.21
1465.21	1464.59
1460.09	1439.78
1454.46	1422.74
1446.02	1407.4
1431.68	1387.5
1408.29	1357.8
1375.58	1317.36
1340.02	1273.88
1311.53	1239.43
1294.47	1219.37
1286.23	1210.8
1282.56	1209.49
1280.59	1214.62
1278.79	1229.97
1276.21	1262.29
1272.54	1313.69
1268.42	1373.39
1264.89	1424.59
1262.37	1459.62
1260.56	1481
1258.81	1494.38
1256.1	1505.44
1250.71	1520.37
1240.06	1546.55
1222.16	1589.46
1199.18	1644.38
1178.02	1695.22
1163.96	1729.52
1156.89	1747.75
1154.26	1756.61
1154.39	1762.02
1157.33	1768.24
1164.57	1779.19
1177.64	1797.85
1195.56	1823.73
1214.26	1852.69
1229.33	1881.33
1238.16	1910.91
1239.68	1947.7
1233.43	2000.07
1220.1	2071.28
1203.12	2150.84
1187.94	2217.85
1177.8	2259.45
1171.78	2278.79
1167.15	2284.17
1161.05	2279.88
1150.44	2265.18
1132.37	2237.02
1106.65	2195.74
1078.58	2150.51
1055.88	2114.23
1041.6	2092.31
1033.51	2081.82
1028.03	2078.33
1021.87	2079.6
1011.52	2085.96
992.537	2099.61
960.876	2122.69
917.654	2153.06
872.101	2182.13
834.771	2200.19
808.98	2202.65
791.818	2189.56
779.522	2163.96
770.064	2132.18
762.76	2101.63
757.114	2077.02
752.271	2059.61
746.715	2048.98
737.605	2044.64
720.041	2046.84
688.498	2056.24
642.495	2071.9
590.025	2089.78
540.865	2104.97
497.583	2114.73
454.228	2118.9
400.887	2118.4
329.799	2114.16
243.525	2107.4
159.924	2100.2
99.6164	2094.62
67.9044	2091.08
57.0595	2088.46
59.9179	2084.98
76.3719	2078.33
111.648	2065.75
168.478	2045.99
236.566	2022.47
294.725	2002.42
330.457	1990.1
348.235	1983.9
357.552	1980.5
364.847	1977.58
374.326	1973.48
390.099	1966.44
417.661	1953.94
464.538	1932.27
536.11	1898.31
623.277	1855.36
700.693	1814.48
749.263	1784.21
768.857	1763.74
767.577	1747.46
752.285	1730.89
728.713	1712.52
702.688	1692.55
678.581	1670.27
658.027	1642.3
640.845	1604.18
626.908	1555.53
617.001	1503.19
612.255	1456.52
613.324	1420.39
620.255	1393.94
632.725	1373.83
649.874	1357.2
669.781	1343.12
690.053	1332.17
710.141	1324.99
732.741	1321.35
762.075	1320.65
800.035	1322.15
842.947	1324.75
882.654	1326.91
911.929	1327.06
928.03	1323.58
930.877	1313.97
920.106	1294.68
895.947	1263.69
862.739	1224.52
828.547	1185.3
800.024	1152.64
779.546	1128.18
766.359	1109.48
758.461	1091.46
753.699	1068.27
750.086	1037.05
745.48	1000.73
737.028	965.615
