743.695	912.874
736.989	905.202
723.376	900.103
697.488	894.764
655.538	887.692
602.274	879.02
550.748	869.976
512.162	861.226
489.364	851.923
479.224	839.967
477.604	822.783
481.591	798.765
488.633	770.003
495.516	742.963
499.418	723.119
498.746	710.338
491.579	700.81
473.865	690.169
440.23	674.814
389.439	653.597
331.798	630.238
284.728	611.343
256.405	599.92
242.753	594.183
237.408	591.317
237.308	589.27
243.439	586.22
260.88	579.759
295.785	567.538
346.479	550.162
399.72	532.371
442.787	518.861
473.98	510.929
500.255	507.844
532.224	508.971
579.795	514.218
644.115	522.996
712.113	533.275
767.282	542.983
804.29	552.296
828.417	564.357
848.486	585.557
873.233	625.255
908.219	690.052
950.499	771.735
989.166	847.04
1016.09	898.265
1032.11	925.033
1042.84	935.208
1054.12	935.064
1071.14	926.822
1098.62	909.872
1138.93	883.631
1186.9	851.953
1229.3	823.842
1256.68	805.719
1270.7	796.582
1277.97	792.201
1284.66	788.983
1297.66	783.736
1327.62	772.22
1384.74	750.523
1463.18	720.901
1538.58	692.672
1592.04	673.223
1622.94	663.353
1639.52	661.48
1649.85	668.558
1660.77	691.349
1679.27	744.068
1711.05	840.875
1753.18	971.17
1792.04	1092.19
1817.21	1171.48
1829.49	1211.79
1833.95	1230.3
1833.64	1240.33
1828.19	1250.35
1813.15	1268.72
1779.55	1306.84
1719.94	1373.49
1643.56	1458.54
1575.21	1534.38
1530.47	1583.62
1507.16	1608.49
1496.6	1618.12
1491.81	1618.88
1488.84	1611.98
1485.48	1594.39
1480.61	1563.07
1474.52	1522.24
1468.65	1483.25
1463.91	1454.21
1459.87	1435.11
1454.95	1421.38
1446.54	1407.14
1430.66	1385.79
1403.43	1351.6
1366.5	1306.18
1330.18	1261.93
1304.43	1231
1290.49	1215.09
1284.16	1209.72
1281.32	1211.58
1279.54	1221.61
1277.44	1245.34
1274.28	1288.72
1270.2	1347.73
1266.23	1406.03
1263.26	1449.55
1261.4	1475.86
1260.25	1489.84
1259.15	1497.68
1257.05	1505.07
1251.81	1518.78
1240.15	1547.61
1220.71	1595.95
1198.39	1654.16
1181.38	1706.08
1174.27	1745.39
1177.44	1776.4
1189.32	1805.37
1207.01	1834.98
1226.03	1863.1
1241.57	1885.21
1251.15	1898.85
1255.68	1905.75
1257.32	1909.55
1257.31	1913.97
1255.36	1924.53
1249.58	1951.26
1237.54	2004.84
1219.91	2081.58
1201.53	2159.16
1186.49	2217.57
1174.91	2251.71
1164.31	2264.18
1151.27	2257.81
1132.51	2233.93
1106.83	2194.88
1077.87	2149.17
1053.38	2111.03
1037.77	2089.17
1028.37	2081.32
1019.69	2082.35
1006.53	2090.51
983.802	2107.48
947.732	2135.39
900.786	2171.92
854.567	2207.53
821.382	2232.04
803.238	2243.04
794.302	2243.38
788.799	2234.13
783.322	2212.95
776.309	2177.82
768.038	2133.25
760.311	2091.08
754.727	2061.33
751.277	2045
748.733	2037.65
745.158	2035.38
737.037	2036.87
718.05	2043.33
682.071	2056.63
631.817	2075.62
580.416	2095.2
540.331	2110.49
514.888	2120.08
500.246	2125.18
489.944	2127.38
475.257	2127.44
443.713	2124.95
385.792	2118.99
309.15	2109.13
239.103	2095.31
202.214	2076.77
210.71	2052.82
254.813	2025.78
306.638	2002.21
341.172	1987.89
355.412	1982.04
359.755	1980.16
362.073	1979.09
366.11	1977.27
375.403	1973.1
395.746	1963.98
435.517	1946.11
502.129	1916.02
593.323	1874.39
689.307	1829.56
760.879	1794.09
794.767	1773.08
800.056	1760.82
789.023	1749.87
767.793	1736.46
739.677	1719.9
708.885	1701.51
681.033	1683.74
660.268	1668.04
646.596	1652.58
637.149	1632.06
629.325	1600.59
622.775	1556.95
619.36	1506.86
621.524	1458.2
630.626	1415.91
646.018	1381.7
664.97	1355.67
683.754	1337.49
700.026	1326.33
715.031	1320.59
733.521	1318.57
761.239	1319.23
800.132	1321.95
844.65	1325.73
885.396	1329.1
915.911	1330.59
933.667	1328.26
937.047	1318.58
923.623	1296.36
892.671	1258.38
850.769	1209.97
810.971	1164.02
782.578	1129.39
766.029	1104.83
757.473	1083.59
753.307	1058.62
751.249	1025.9
750.009	987.645
748.813	952.29
747.021	927.222
