744.339	936.69
736.674	917.417
721.309	905.041
693.08	895.957
647.255	887.159
587.718	877.592
531.596	868.637
494.266	861.784
476.042	856.424
469.509	850.194
469.274	839.625
473.467	820.878
481.16	793.081
489.928	761.95
496.45	735.661
498.483	717.316
494.575	704.803
482.731	694.401
459.887	682.603
422.689	666.643
371.832	645.967
318.412	624.469
277.787	607.853
255.33	597.854
247.088	592.145
249.406	587.411
263.676	580.516
294.485	568.8
341.957	551.899
394.932	533.646
438.792	519.269
469.567	510.691
493.285	507.006
518.87	507.122
555.494	510.713
610.293	517.885
680.401	527.863
747.955	538.076
795.541	546.218
821.996	552.727
836.562	560.819
849.271	576.954
869.047	612.027
901.791	675.171
943.176	756.805
980.368	830.754
1006.34	882.548
1022.38	914.523
1031.63	932.753
1036.72	942.098
1040.08	945.859
1044.88	945.21
1057.17	938.002
1086.49	918.847
1136	886.076
1191.94	849.138
1237.29	819.714
1269.03	800.442
1296.19	786.572
1332.54	771.21
1391.42	748.25
1474.15	716.688
1557.43	685.12
1612.95	664.147
1638.05	654.702
1646.55	651.557
1649.03	650.775
1649.84	650.969
1650.63	652.695
1653.2	660.386
1662.4	688.816
1686.14	762.48
1725.15	883.851
1766.93	1014.51
1799.05	1116.67
1817.95	1181.85
1824.93	1220.28
1820.33	1247.28
1800.04	1279.18
1755.13	1332.77
1681.36	1416.2
1597.43	1510.04
1535.44	1579.12
1505.12	1612.83
1494.38	1624.69
1491.24	1627.97
1490.31	1628.44
1489.85	1627.3
1489.11	1622.96
1487.25	1610.5
1483.22	1583.29
1476.88	1541.56
1469.37	1496.23
1461.35	1457.86
1451.29	1427.44
1435.33	1398.03
1408.78	1360.72
1370.97	1312.38
1331.07	1262.83
1302.31	1227.45
1288.01	1209.94
1282.64	1203.38
1280.89	1201.31
1280.34	1200.86
1280.1	1201.52
1279.78	1205.07
1278.87	1218.07
1276.57	1251.57
1272.65	1308.75
1267.97	1375.03
1263.56	1431.58
1259.52	1471.27
1254.94	1498.6
1248.22	1522.57
1237.26	1552.57
1220.42	1595.56
1199.68	1649.64
1181.86	1701.95
1173.22	1742.29
1175.36	1773.1
1187.24	1802.32
1206.34	1833.94
1227.34	1864.73
1243.91	1888.03
1253.29	1901.14
1257.29	1906.95
1258.62	1909.61
1258.72	1912.17
1257.68	1917.85
1254.32	1932.9
1246.09	1968.82
1230.53	2036.42
1209.66	2126.16
1190.64	2205.99
1177.98	2254.99
1170.3	2276.42
1163.88	2280.27
1154.83	2271.19
1139.34	2248.13
1115.3	2209.78
1086.18	2162.81
1060.47	2121.83
1043.4	2096.14
1033.25	2084.2
1025.3	2081.43
1014.01	2086.29
992.497	2101.36
954.851	2130.14
904.516	2169.42
856.822	2206.79
824.141	2232.27
806.132	2245.89
797.068	2251.64
792.35	2251.76
789.016	2244.99
784.797	2226.28
778.154	2190.69
769.594	2142.99
761.498	2097.85
755.543	2065.88
751.506	2047.67
747.916	2039.1
742.188	2036.67
729.409	2039.48
701.734	2049.12
654.432	2066.69
596.202	2088.32
544.004	2106.8
505.228	2118.09
473.388	2122.81
436.772	2122.92
385.567	2119.72
315.527	2113.86
232.651	2106.14
155.889	2098.16
104.761	2091.4
83.2776	2085.77
84.7764	2079.51
104.609	2070.25
141.485	2056.4
191.088	2038.7
243.81	2020.18
289.562	2004.18
323.665	1992.11
349.544	1982.47
377.501	1971.03
422.429	1951.51
497.577	1918.15
599.216	1872.64
698.741	1827.64
766.469	1796.17
798.97	1779.22
809.494	1769.85
807.95	1762.36
798.04	1753.77
780.754	1742.26
756.294	1726.37
725.907	1705.15
693.918	1678.85
665.792	1647.68
643.685	1609.57
626.798	1562.98
614.529	1512.34
607.116	1466.78
604.633	1431.93
607.01	1406.95
614.63	1388.15
628.162	1371.92
647.32	1356.25
669.508	1341.72
691.316	1330.43
712.478	1323.48
737.132	1320.52
770.801	1320.77
814.73	1323.34
861.65	1326.51
900.065	1327.92
923.013	1325.01
928.859	1314.45
916.65	1291.49
885.962	1252.67
842.976	1202.93
802.232	1157.03
774.964	1126.5
760.945	1110.56
754.757	1102.71
752.169	1097.19
751.033	1088.89
750.436	1071.81
749.974	1041.82
749.308	1002.97
747.83	965.53
