748.894	905.889
747.578	902.225
744.098	900.525
734.74	898.718
711.844	895.225
666.971	888.693
604.162	879.57
543.846	870.556
502.349	863.706
480.276	858.536
471.005	852.581
469.378	841.896
473.233	822.337
480.938	794.113
489.64	763.833
496.579	738.465
500.21	720.367
499.132	708.03
490.139	697.952
467.073	685.601
424.256	667.209
366.895	643.829
312.845	621.839
275.884	606.118
257.283	596.33
253.799	589.299
265.379	581.294
295.289	569.093
342.993	552.005
397.358	533.77
444.546	519.72
482.249	512.039
518.733	510.162
564.086	513.161
624.063	520.187
694.758	529.715
760.443	539.031
804.757	545.615
826.537	549.333
835.61	552.097
840.868	557.047
848.85	570.7
867.361	606.387
903.426	677.573
951.354	772.879
993.048	856.043
1018.71	907.237
1031.33	932.295
1036.87	942.996
1039.38	947.078
1041.24	948.009
1044.79	946.404
1054.5	940.198
1078.52	924.295
1123.69	894.32
1181.31	856.248
1231.71	823.54
1267.78	801.647
1298.34	786.036
1337.89	769.284
1399.37	745.277
1482.96	713.369
1564.45	682.486
1616.54	662.89
1639.19	654.686
1646.96	652.74
1649.97	654.332
1652.82	660.775
1658.86	678.611
1673.14	722.456
1702.32	812.729
1747.19	951.938
1792.77	1093.46
1821.62	1183.17
1833.82	1221.32
1837.76	1234.23
1838.57	1238.7
1837.46	1241.67
1832.28	1248.07
1814.45	1268.2
1766.56	1321.71
1682.59	1415.34
1594.83	1513.14
1536.53	1578.07
1508.05	1609.75
1496.45	1622.53
1492.16	1626.98
1490.58	1627.87
1489.75	1626.18
1488.66	1619.94
1486.28	1603.93
1481.55	1571.7
1474.5	1525.1
1466.81	1478.77
1459.5	1444.43
1450.84	1420.13
1436.45	1396.05
1411.34	1362.45
1376.16	1318.22
1340.54	1274.26
1313.57	1241.25
1296.84	1221.02
1287.82	1210.69
1283.4	1207.02
1281.16	1208.55
1279.62	1216.86
1277.79	1237.6
1274.75	1279.58
1270.26	1343.57
1265.31	1410.92
1260.92	1461.13
1256.59	1492.46
1250.67	1515.74
1241.22	1542.05
1226.65	1578.58
1207.08	1626.88
1186.33	1679.24
1170.79	1721.84
1163.69	1748.87
1164.18	1766.46
1171.57	1783.84
1186.09	1806.94
1205.68	1835.16
1225.16	1862.35
1240.24	1883.26
1249.84	1896.91
1254.9	1905.27
1256.79	1911.75
1256.17	1921.13
1252.18	1941.35
1242.28	1985.53
1224.26	2063.98
1201.98	2160.16
1184.32	2235.33
1174.75	2274.09
1170.29	2288.39
1167.17	2290.88
1162.29	2285.57
1151.8	2269.4
1131.58	2236.69
1102.45	2189.25
1073.2	2141.82
1051.88	2108.01
1038.95	2089.36
1030.59	2081.56
1021.87	2081.72
1006.39	2090.92
976.002	2113.57
927.968	2150.86
874.741	2192.38
833.771	2223.87
809.851	2240.96
797.747	2246.63
791.296	2243.15
786.285	2228.93
780.092	2199.82
771.775	2155.67
762.695	2107.76
754.825	2071.34
747.813	2051.23
738.685	2043.58
722.636	2044.62
693.609	2053.42
647.653	2070
590.703	2091.37
540.27	2110.43
509.359	2121.9
494.645	2126.74
486.174	2128.2
475.587	2128.05
454.33	2126.49
411.212	2122.81
337.602	2116.3
242.628	2107.71
156.078	2099.55
100.548	2093.62
75.41	2089.24
72.9865	2083.98
92.6304	2074.38
137.967	2057.41
202.742	2034.47
266.336	2012.31
311.87	1996.53
338.35	1987.32
353.233	1981.98
364.757	1977.42
382.068	1969.94
419.341	1953.38
493.717	1920.14
601.668	1871.73
705.641	1824.88
773.813	1793.74
806.673	1777.88
818.51	1770.19
819.688	1764.16
813.034	1754.31
795.67	1734.21
763.026	1696.31
716.576	1637.09
668.143	1563.84
631.046	1493.08
610.021	1440.09
602.217	1408.75
603.437	1391.82
611.953	1379.76
627.973	1366.55
650.28	1350.66
673.679	1334.75
691.834	1322.8
702.781	1316.09
709.271	1313.19
715.692	1312.42
727.602	1313.12
752.774	1315.6
796.572	1320.28
851.366	1326.2
899.976	1331.25
932.103	1333.81
947.927	1332.88
950.298	1326.34
938.433	1308.99
908.398	1274.03
862.496	1222.55
815.825	1169.92
782.747	1130.42
764.714	1103.5
756.227	1080.19
752.485	1052.08
750.884	1015.36
750.191	973.664
749.82	937.666
749.47	915.657
