745.119	948.259
737.765	922.259
722.293	906.668
692.88	896.281
644.436	886.889
581.248	877.067
522.802	868.498
486.479	863.109
470.468	860.355
464.859	858.372
463.614	854.966
465.223	846.553
470.53	827.697
479.913	796.161
490.541	760.038
498.155	731.208
500.611	713.258
497.217	702.488
486.35	693.926
464.088	683.282
425.106	667.025
370.598	644.844
316.226	622.3
279.09	605.393
263.18	594.228
266.567	584.716
290.737	572.22
336.067	554.553
390.7	534.853
435.859	519.021
463.852	509.371
478.776	504.423
487.07	502.243
494.968	501.861
511.604	503.587
550.342	508.862
616.656	518.319
693.739	529.605
758.022	539.627
800.848	547.994
826.861	557.695
846.146	576.113
871.055	617.304
911.441	694.588
961.745	793.843
1002.75	875.217
1025.65	920.19
1035.94	938.691
1041.47	944.158
1048.08	942.906
1061.38	935.153
1087.8	917.933
1131.35	889.04
1186.46	852.352
1235.86	819.456
1264.8	800.207
1276.06	792.779
1279.92	790.414
1282.74	789.105
1288.65	786.803
1304.79	780.669
1345.31	765.322
1419.84	737.125
1508.74	703.561
1579.02	677.199
1619.57	662.479
1638.59	656.946
1647.4	658.379
1654.38	670.063
1667.22	705.952
1695.01	790.648
1740.43	931.096
1787.4	1076.78
1817.38	1169.92
1831	1212.39
1836.36	1229.55
1838.16	1236.64
1837.86	1240.45
1834.47	1245.5
1822.16	1259.64
1785.38	1300.76
1709.65	1385.2
1617.31	1488.07
1548.69	1564.41
1513.07	1603.76
1498.2	1619.44
1492.5	1623.59
1489.91	1620.99
1487.64	1610.65
1484.17	1588.32
1478.71	1550.89
1471.84	1503.53
1465.6	1461.51
1461.34	1435.89
1458.03	1422.99
1453.26	1413.85
1443.86	1401.15
1425.55	1378.32
1394.61	1340.33
1354.64	1291.52
1318.55	1247.84
1296.01	1221.46
1285.67	1211.58
1281.55	1212.85
1279.36	1224.38
1277.02	1251.09
1273.53	1299.28
1268.95	1365.43
1264.55	1429.04
1261.54	1470.36
1259.71	1490.45
1257.86	1500.92
1254.16	1512.01
1245.5	1533.48
1228.34	1574.56
1203.82	1632.83
1180.17	1688.95
1164.25	1726.73
1156.08	1746.28
1152.69	1754.98
1151.93	1759.18
1153.78	1763.73
1161.02	1774.43
1177.41	1797.21
1201.35	1830.21
1224.77	1862.92
1241.29	1887.7
1250	1905.65
1252.28	1923.51
1248.77	1951.03
1238.42	2000.78
1220.17	2081.59
1198.27	2176.75
1181.79	2247.74
1173.77	2281.63
1170.76	2293.23
1169.32	2295.94
1167.25	2294.19
1161.64	2285.64
1147.36	2262.6
1121.06	2219.93
1088.75	2168.23
1060.68	2126.01
1039.63	2101.66
1020.8	2094.63
996.365	2103.59
958.909	2128.8
906.945	2168.19
852.448	2210.69
814.514	2240.46
797.565	2253.72
792.19	2257.75
790.66	2258.39
789.96	2257.08
788.825	2251.61
785.795	2234.92
779.239	2197.99
769.777	2144.65
760.778	2094.6
754.497	2061.39
750.444	2044.17
746.42	2037.19
738.195	2036.79
717.798	2043.14
676.606	2058.12
617.824	2079.47
557.546	2099.51
503.28	2112.51
445.308	2117.62
368.103	2115.86
266.894	2109.06
161.559	2100.49
85.966	2093.99
51.9464	2091
42.5546	2090.14
40.9457	2089.89
41.3626	2089.61
43.566	2088.82
50.352	2086.49
69.9934	2079.74
116.231	2063.82
189.51	2038.59
264.131	2012.86
316.837	1994.58
346.876	1983.91
366.155	1976.48
389.487	1966.51
434.583	1946.46
516.871	1909.48
624.933	1860.43
717.724	1817.17
771.817	1789.25
793.269	1772.14
792.322	1758.29
773.916	1742.31
741.993	1722.15
704.672	1700.1
672.747	1681.05
652.127	1667.62
641.079	1657.48
634.997	1644.67
630.749	1621.08
628.457	1579.66
631.871	1520.48
645.25	1453.37
666.948	1392.97
688.133	1350.21
701.577	1326.64
707.906	1316.27
711.42	1312.48
715.981	1311.54
725.87	1312.2
747.894	1314.59
789.784	1319.32
849.371	1326.01
906.319	1332.17
941.696	1335.28
955.876	1334.61
956.645	1329.34
946.988	1316.56
924.199	1290.79
884.597	1247.12
833.896	1191.52
790.508	1143.94
766	1116.93
755.911	1105.51
752.36	1100.68
751.086	1096.55
750.521	1087.92
750.129	1067.67
749.579	1031.4
748.302	986.864
