748.023	977.432
744.2	941.118
734.668	917.689
712.926	903.188
670.465	892.029
606.895	880.865
541.605	870.266
497.48	861.781
477.037	853.866
471.275	842.442
473.741	822.982
481.655	793.089
492.338	757.089
501.621	726.657
506.795	709.736
508.706	703.234
509.07	701.115
508.29	700.095
504.459	698.305
490.825	692.762
455.473	678.652
395.011	654.447
329.841	627.679
284.846	607.009
267.368	592.92
276.019	580.474
311.048	564.317
368.406	542.863
427.827	521.773
466.59	508.3
483.498	502.661
489.976	501.066
494.824	501.069
503.664	502.13
523.581	504.899
566.271	510.965
639.561	521.467
724.642	533.811
787.96	543.378
820.692	549.378
835.358	555.017
845.274	566.172
860.87	594.013
892.292	655.42
940.903	752.022
988.91	847.792
1019.32	908.478
1032.95	935.579
1037.9	945.12
1039.83	947.926
1041.83	947.924
1047.94	944.337
1067.64	931.422
1111.9	902.013
1172.87	861.42
1224.78	826.855
1255.85	806.218
1271.38	796.081
1279.68	791.159
1288.06	787.31
1305.8	780.357
1348.36	764.177
1427.86	734.084
1523.14	698.075
1593.68	671.526
1628.9	658.533
1642.83	654.104
1648.38	654.434
1652.33	660.728
1660.19	682.98
1680.84	746.275
1722.04	873.867
1772.49	1030.44
1809.58	1145.67
1828.28	1203.94
1835.76	1227.7
1838.1	1236.48
1837.88	1240.48
1834.43	1245.55
1821.9	1259.93
1784.59	1301.66
1706.75	1388.43
1611.43	1494.61
1543.17	1570.53
1510.09	1607.02
1497.02	1620.72
1492.05	1624.11
1489.7	1621.09
1487.37	1609.37
1483.34	1582.72
1476.93	1538.42
1469.67	1488.05
1464.2	1450.66
1461.13	1431.43
1459	1422.6
1455.81	1416.36
1448.6	1406.67
1432.28	1386.38
1401.14	1348.2
1357.86	1295.32
1318.4	1247.32
1295.04	1219.26
1285.21	1208.23
1281.69	1206.25
1280.14	1210.77
1278.61	1226.51
1275.89	1263.77
1271.55	1326.6
1266.66	1397.14
1262.72	1450.26
1259.7	1481.47
1256.1	1501.26
1249.41	1521.92
1236.12	1555.32
1213.84	1608.81
1187.21	1672.16
1166.63	1721.23
1156.29	1746.45
1152.82	1756.45
1152.75	1761.09
1155.35	1766.2
1162.53	1776.59
1177.75	1797.64
1201.84	1830.66
1227.37	1865.69
1244.99	1890.17
1253.53	1903.08
1256.57	1910.7
1256.31	1920.09
1252.32	1940.75
1241.75	1988
1222.14	2073.64
1198.5	2176.2
1181.54	2249.56
1173.81	2282.79
1171.09	2294.17
1170.06	2297.48
1169.09	2297.5
1166.26	2293.45
1156.96	2278.44
1134.67	2242.19
1101.12	2188.12
1068.49	2137.61
1044.2	2105.87
1024.94	2094.07
1001.66	2100.14
964.138	2124.77
909.336	2166.28
852.382	2210.74
814.65	2240.39
798.149	2253.3
792.585	2257.47
790.811	2258.27
789.983	2257.05
788.824	2251.82
785.902	2235.91
779.363	2199.55
769.334	2144.83
759.158	2093.23
750.859	2060.63
742.437	2045.86
728.751	2043.2
702.3	2050.14
657.264	2066.21
599.537	2087.89
547.987	2107.35
515.013	2119.45
496.78	2125.12
482.631	2126.97
458.793	2126.17
406.139	2122.1
314.052	2114.2
207.67	2104.84
126.516	2097.61
80.2634	2093.42
57.955	2091.24
48.8772	2089.94
47.8342	2088.44
55.6933	2085.01
80.4074	2076.24
133.547	2057.87
210.677	2031.25
282.869	2006.24
331.515	1989.02
364.593	1976.43
401.435	1960.9
463.06	1933.73
561.843	1889.69
678.684	1837.41
767.317	1797.58
809.162	1778.45
822.47	1771.66
824.604	1768.83
821.414	1765.93
811.999	1760.3
791.878	1748.71
757.363	1728.34
714.203	1700.86
675.964	1671.32
649.502	1639.97
632.187	1600.98
619.776	1549.9
611.165	1491.99
607.944	1440.97
611.54	1405.39
622.183	1381.82
639.332	1363
660.356	1345.8
680.163	1331.58
695.129	1322.16
706.496	1317.19
719.986	1315.4
744.999	1316.38
790.558	1320.43
851.678	1326.74
906.257	1332.57
939.982	1335.98
955.842	1336.82
960.513	1334.71
955.99	1326.78
937.604	1305.48
897.789	1261.51
842.243	1200.67
794.374	1148.33
767.298	1118.73
755.896	1106.22
751.926	1101.72
750.672	1099.72
750.265	1096.79
750.095	1087.69
749.918	1063.85
749.442	1023
