748.787	956.633
746.261	924.569
739.985	908.188
725.679	900.355
696.24	894.154
644.965	886.095
577.881	876.137
518.695	867.13
484.043	861.07
469.826	857.005
465.897	852.265
466.946	842.832
472.091	823.692
480.904	793.884
490.735	760.921
498.346	733.81
501.92	715.793
500.443	704.778
491.329	696.249
467.897	684.852
421.606	665.678
356.862	639.611
298.405	615.839
263.858	600.77
250.87	592.317
254.655	585.388
278.217	574.834
325.373	557.512
383.888	536.931
431.919	520.379
462.681	510.321
482.41	505.339
500.196	504.073
526.62	506.194
573.475	512.252
647.591	522.624
734.968	535.067
800.258	544.47
829.208	548.858
837.862	550.865
841.027	553.644
845.087	560.891
855.005	580.429
879.213	628.658
924.868	719.812
978.778	827.52
1016.22	902.293
1032.75	935.122
1038.21	945.52
1040.22	948.057
1042.61	947.581
1050.02	943.031
1073.12	927.798
1123.74	894.133
1189.16	850.559
1238.39	817.757
1263.58	801.006
1274.46	793.864
1279.59	790.763
1284.49	788.501
1295.7	784.123
1326.64	772.372
1396.44	745.957
1497.16	707.873
1581.19	676.172
1624.9	659.929
1641.91	654.449
1648.45	655.149
1653.2	663.435
1662.48	690.005
1685.66	761.167
1731.59	903.506
1786.7	1074.53
1822.58	1185.97
1835.99	1227.64
1839.22	1237.77
1839.79	1239.66
1839.76	1240.11
1839.19	1240.84
1835.86	1244.58
1819.42	1262.91
1765.78	1322.69
1671.82	1427.35
1583.28	1525.9
1529.78	1585.22
1504.74	1612.35
1494.6	1621.67
1490.52	1621.31
1487.99	1612.49
1484.49	1590.56
1478.56	1549.89
1471.06	1498.23
1464.8	1456.64
1460.65	1433.46
1456.6	1420.88
1448.7	1408.22
1430.45	1384.68
1395.51	1341.46
1349.08	1284.53
1311.06	1238.01
1291.89	1214.61
1284.52	1205.72
1281.66	1202.67
1280.46	1202.65
1279.79	1206.24
1278.9	1217.57
1276.9	1246.95
1272.82	1307.77
1267.29	1389.97
1262.9	1454.64
1260.65	1485.96
1259.54	1497.4
1258.19	1503.09
1254.89	1511.62
1246.23	1532.37
1227.99	1575.68
1202.22	1636.92
1178.63	1693.52
1163.78	1730.69
1157.41	1750.64
1157.27	1762.47
1163.33	1775.39
1178.11	1797.36
1201.85	1830.44
1226.59	1864.49
1243.59	1887.98
1252.43	1900.65
1256.35	1907.66
1257.27	1914.39
1254.85	1929.35
1246.01	1969.49
1227.19	2051.74
1202.93	2156.98
1184.68	2235.67
1175.47	2274.25
1171.13	2289
1167.96	2292.14
1163.29	2287.5
1154.36	2273.85
1137.26	2246.13
1108.81	2199.79
1075	2145.36
1048.69	2105.26
1032.71	2087.24
1019.25	2085.85
997.469	2098.61
956.687	2129.08
896.442	2176.02
839.031	2221.2
806.426	2246.88
794.482	2256.09
791.076	2258.13
789.978	2257.23
789.071	2253.49
787.347	2244.13
783.563	2222.69
776.231	2180.95
766.071	2123.61
757.16	2074.96
751.56	2048.65
747.217	2038.53
739.887	2036.88
722.192	2041.9
683.863	2055.86
623.848	2078.56
562.665	2101.79
521.177	2117.2
498.832	2124.52
483.769	2127
461.739	2126.52
413.36	2122.81
322.996	2115.02
211.496	2105.16
124.151	2097.3
76.4219	2092.71
57.0181	2090.03
54.1872	2087.33
65.0502	2082.2
95.4709	2071.21
153.667	2051.01
233.054	2023.65
302.495	1999.75
339.826	1986.89
354.048	1981.95
359.783	1979.84
365.66	1977.37
381.871	1970.17
429.588	1948.85
527.23	1905.12
646.92	1851.32
738.411	1809.69
788.402	1785.82
809.011	1773.47
812.247	1765.43
803.035	1756.16
781.17	1740.96
745.866	1715.59
702.596	1678.18
662.908	1629.15
633.063	1568.12
612.515	1500.64
600.01	1443.85
594.068	1410.69
592.118	1396.79
592.211	1391.65
594.278	1388.59
600.552	1383.76
615.238	1373.68
639.797	1357.33
667.626	1339.38
690.635	1325.83
708.438	1318.38
727.912	1315.86
759.968	1317.34
811.849	1322.31
872.404	1328.83
920.039	1334.03
946.907	1336.67
958.293	1336.71
959.459	1332.65
948.061	1317.84
914.252	1279.86
857.96	1217.96
804.031	1158.92
771.908	1123.7
757.894	1107.95
752.668	1100.85
750.855	1095.2
750.258	1086.2
750.062	1069.56
749.951	1041.34
749.682	1000.63
