749.059	921.204
747.302	906.888
742.546	901.527
729.86	898.305
699.117	893.503
639.847	885.004
562.877	874.11
502.912	865.534
474.353	861.153
464.827	858.937
462.592	856.394
463.482	850.587
467.62	836.269
476.348	807.704
488.201	768.907
498.218	735.176
503.496	715.025
504.216	704.994
499.032	698.62
480.705	689.62
437.698	671.962
372.597	646.045
310.842	621.559
270.036	605.196
248.957	596.047
242.31	590.677
250.102	584.826
280.88	572.987
338.743	552.554
403.36	530.141
450.25	514.138
475.798	505.966
489.663	502.955
503.845	503.076
532.781	506.501
592.517	514.786
680.761	527.365
761.52	539.128
808.322	546.711
829.962	552.763
842.49	563.243
857.48	587.786
885.023	640.959
931.704	733.675
987.23	844.51
1024.46	918.899
1037.16	944.286
1039.6	949.128
1040	949.789
1040.27	949.754
1041.33	949.077
1046.25	945.801
1065.44	933.019
1115.97	899.345
1188.57	850.955
1242.93	814.727
1267.83	798.151
1276.74	792.303
1280.37	790.175
1284.28	788.475
1293.91	784.767
1320.46	774.699
1384.37	750.518
1487.9	711.37
1580.48	676.43
1627.38	658.934
1643.65	653.479
1648.94	653.764
1652.59	660.444
1661.02	685.09
1684.72	758.11
1733.01	907.854
1788.57	1080.31
1822.36	1185.25
1835.11	1224.91
1838.79	1236.44
1839.62	1239.31
1839.58	1240.19
1838.53	1241.56
1833.25	1247.49
1811.3	1271.96
1747.52	1343.04
1644.51	1457.82
1558.8	1553.3
1515.66	1601.34
1498.79	1620.1
1492.78	1626.66
1490.74	1628.4
1489.82	1626.85
1488.31	1617.62
1484.18	1589.18
1476.71	1537.48
1468.78	1483.55
1462.92	1447.33
1458.02	1427.04
1450.04	1411.29
1431.62	1386.48
1394.9	1340.79
1345.51	1280.16
1306.42	1232.32
1288.19	1210.05
1282.22	1202.81
1280.58	1200.97
1280.13	1200.95
1279.9	1202.51
1279.46	1208.53
1278.11	1228.55
1274.66	1280.13
1269.09	1363.21
1264.04	1437.86
1261.22	1478.13
1259.78	1494.35
1258.29	1502.07
1254.96	1511.25
1246.46	1531.81
1228.23	1575.18
1201.62	1638.67
1177.19	1698.22
1163.11	1736.71
1159.65	1758.24
1165.29	1775.74
1180.85	1800.38
1206.31	1836.3
1233.73	1874.09
1251.26	1898.09
1257.81	1907.04
1259.45	1909.31
1259.8	1909.86
1259.82	1910.27
1259.4	1912.21
1256.79	1923.6
1246.39	1968.75
1224.06	2065.43
1199.14	2172.77
1182.29	2243.65
1173.28	2276.62
1167.51	2286.29
1160.55	2281.58
1148.26	2263.59
1126.78	2229.28
1095.42	2179.24
1062.53	2129.02
1038.21	2098.57
1019.81	2090.87
995.38	2101.93
953.479	2132.06
895.924	2176.52
844.386	2217
814.757	2240.4
801.028	2251.26
794.607	2256.31
791.704	2258.49
790.454	2258.84
789.594	2256.51
787.772	2246.81
783.047	2219.9
773.934	2167.87
762.7	2104.42
754.379	2059.65
749.684	2040.46
745.154	2035.28
735.565	2036.82
712.021	2045.12
663.797	2063.33
596.063	2089.21
538.134	2111.36
507.094	2123.09
494.182	2127.5
486.958	2128.72
476.337	2128.39
450.057	2126.29
387.076	2120.77
279.917	2111.21
168.567	2101.04
96.8473	2093.82
67.6375	2089.07
66.667	2083.85
88.9079	2074.25
139.552	2056.12
215.769	2029.67
289.303	2004.31
332.742	1989.35
350.799	1983.08
358.858	1980.12
367.017	1976.71
385.558	1968.52
431.301	1948.11
522.685	1907.25
650.058	1850.22
756.168	1802.56
806.515	1779.67
821.96	1772.03
824.659	1769.03
821.062	1765.76
808.549	1758.44
780.353	1742.62
736.28	1717.78
691.116	1691.6
659.38	1671.08
641.48	1653.41
630.508	1627.8
620.704	1583.28
610.611	1523.37
602.089	1466.91
596.913	1427.65
595.456	1405.2
597.888	1392.46
605.531	1382.6
621.034	1370.53
645.247	1354.45
673.445	1337.84
700.636	1325.9
729.815	1320.45
770.936	1320.7
828.488	1325.15
887.611	1330.98
929.374	1335.39
951.827	1337.77
961.962	1338.62
965.342	1338.01
963.221	1333.94
949.348	1318.04
911.325	1276.18
853.747	1213.12
802.879	1157.21
772.546	1122.95
758.49	1104.4
752.92	1090.53
750.918	1071.62
750.244	1040.56
749.988	997.122
749.719	952.315
