749.75	916.538
749.401	905.694
748.39	901.871
744.89	900.111
732.397	897.911
695.332	892.586
624.109	882.584
546.837	871.623
496.911	864.058
474.276	859.272
466.639	854.076
466.601	843.816
472.343	821.962
483.309	785.699
495.374	746.565
503.395	720.425
507.006	708.064
507.94	702.788
506.215	699.896
497.375	695.582
468.2	683.771
406.756	659.408
332.313	629.856
277.897	607.817
251.545	595.883
245.21	589.446
254.496	583.098
284.617	571.594
340.179	552.033
404.122	529.923
451.209	514.015
477.443	506.165
494.745	503.785
519.012	505.341
568.84	511.689
654.612	523.645
749.619	537.137
809.432	545.698
831.87	548.97
838.026	550.016
839.81	550.855
841.643	553.798
848.486	567.224
872.225	614.566
922.26	714.553
977.729	825.449
1012.92	895.794
1029.58	928.98
1036.64	942.58
1039.85	947.137
1042.93	947.238
1050.23	942.978
1071.73	928.798
1123.76	894.151
1197.13	845.249
1249.87	810.1
1271.64	795.608
1278.2	791.305
1280.6	789.945
1283.95	788.56
1294.56	784.509
1327.01	772.22
1402.87	743.514
1513.17	701.793
1597.86	669.794
1634.22	656.139
1645.55	652.132
1649.08	651.823
1651.21	655.206
1656.55	670.81
1675.14	728.242
1720.81	869.932
1780.25	1054.49
1818.98	1174.74
1834.09	1221.71
1838.49	1235.53
1839.46	1239.15
1839.16	1240.58
1837.08	1243.16
1829.29	1251.9
1802.82	1281.42
1730.95	1361.5
1617.26	1488.18
1531.82	1583.37
1499.31	1619.58
1491.65	1628.09
1490.27	1629.55
1490.02	1629.61
1489.86	1628.84
1489.27	1624.84
1486.89	1608.22
1480.71	1565.05
1472.17	1505.6
1465.47	1459.44
1461.72	1434.94
1459.32	1423.69
1455.28	1415.7
1442.76	1399.39
1411.63	1361.02
1365.31	1304.33
1324.21	1254.2
1299.11	1223.98
1287.11	1210.85
1282.08	1209.4
1279.55	1219.64
1276.94	1249.56
1272.71	1310.2
1267.04	1394.58
1262.48	1462.66
1260.56	1491.23
1260.05	1498.36
1259.8	1500.12
1259.24	1501.68
1257.42	1506.06
1251.68	1519.64
1236.4	1555.78
1208.36	1622.23
1178.74	1692.69
1160.96	1735.72
1154.34	1753.44
1153.51	1760.78
1157.24	1768.46
1169.09	1785.52
1191.93	1817.03
1218.5	1853.4
1238.61	1880.9
1250.31	1897.06
1255.99	1905.51
1258.07	1910.61
1257.81	1917
1254.35	1933.67
1243.11	1982.77
1220.4	2080.79
1195.43	2187.01
1178.79	2252.86
1169.15	2277.85
1159.86	2276.97
1143.98	2255.46
1116.6	2211.88
1081.38	2154.49
1052.05	2106.54
1037.09	2082.22
1031.78	2074.11
1029.41	2072.38
1025.78	2074.13
1014.65	2082.51
982.702	2107.58
922.421	2155.2
857.083	2206.87
814.787	2240.3
797.07	2254.22
791.752	2258.23
790.352	2258.8
789.718	2257.34
788.45	2250.73
784.598	2228.84
776.119	2180.38
765.032	2117.51
756.38	2070.32
750.985	2046.64
745.528	2037.94
733.651	2038.42
704.233	2048.3
647.519	2069.61
576.998	2096.55
525.498	2116.23
501.553	2125.17
491.563	2128.17
483.094	2128.7
464.611	2127.48
417.875	2123.48
322.503	2115.06
194.846	2103.7
98.3174	2095.01
57.1379	2091.08
46.6546	2089.48
47.7624	2087.84
57.2997	2084.24
82.2577	2075.55
135.442	2057.22
213.889	2030.21
285.457	2005.55
329.786	1990.12
355.054	1980.85
379.349	1970.83
424.177	1951.14
510.997	1912.46
635.976	1856.62
748.455	1806.25
805.393	1780.56
822.554	1772.35
825.702	1769.54
823.011	1766.79
812.507	1760.6
787.069	1746.41
743.145	1721.94
693.931	1694.04
658.871	1672.69
640.787	1657.62
631.398	1639.1
623.312	1603.09
613.165	1542.27
602.915	1475.2
596.193	1428.72
593.418	1405.34
593.664	1394.47
597.305	1387.75
606.869	1379.73
626.379	1366.17
655.241	1347.01
683.343	1329.27
703.432	1318.85
720.676	1315.13
747.605	1315.95
797.085	1320.67
864.988	1328.05
922.819	1334.53
953.334	1337.94
964.412	1339.06
967.39	1338.96
966.746	1337.21
960.099	1329.55
936.348	1303.43
886.231	1248.59
827.523	1184.23
785.409	1137.4
763.804	1111.39
754.823	1095.2
751.532	1075.81
750.422	1041.5
750.069	991.257
749.918	943.854
