702.592	1453.02
710.035	1423.58
716.135	1395.05
720.864	1367.49
724.218	1340.95
726.218	1315.46
726.908	1291.02
726.347	1267.61
724.611	1245.2
721.787	1223.76
717.967	1203.24
713.248	1183.6
707.725	1164.77
701.492	1146.72
694.637	1129.38
687.243	1112.71
679.386	1096.66
671.135	1081.2
662.552	1066.26
653.696	1051.83
644.618	1037.85
635.372	1024.29
626.004	1011.13
616.566	998.341
607.106	985.897
597.674	973.787
588.324	961.999
579.105	950.525
570.07	939.361
561.265	928.502
552.735	917.942
544.519	907.672
536.647	897.676
529.144	887.933
522.023	878.415
515.291	869.085
508.949	859.9
502.99	850.812
497.406	841.771
492.188	832.724
487.325	823.621
482.815	814.416
478.657	805.069
474.859	795.552
471.437	785.842
468.413	775.931
465.819	765.82
463.689	755.524
462.063	745.064
460.982	734.476
460.486	723.801
460.613	713.087
461.393	702.392
462.851	691.774
465.004	681.297
467.856	671.026
471.407	661.029
475.645	651.37
480.552	642.113
486.105	633.321
492.275	625.051
499.033	617.358
506.35	610.292
514.197	603.898
522.549	598.218
531.385	593.289
540.688	589.144
550.447	585.817
560.654	583.335
571.306	581.728
582.405	581.026
593.956	581.256
605.966	582.45
618.447	584.641
631.411	587.863
644.874	592.153
658.852	597.55
673.363	604.095
688.425	611.831
704.055	620.801
720.27	631.05
737.087	642.621
754.522	655.558
772.589	669.9
791.303	685.685
810.677	702.945
830.723	721.707
851.453	741.988
872.873	763.793
894.985	787.113
917.782	811.918
941.244	838.159
965.337	865.758
990.007	894.61
1015.18	924.576
1040.76	955.485
1066.62	987.131
1092.64	1019.28
1118.65	1051.65
1144.51	1083.97
1170.06	1115.93
1195.14	1147.2
1219.61	1177.48
1243.35	1206.46
1266.28	1233.87
1288.32	1259.47
1309.46	1283.05
1329.67	1304.45
1348.98	1323.59
1367.44	1340.42
1385.1	1354.96
1402.04	1367.27
1418.33	1377.46
1434.03	1385.67
1449.22	1392.06
1463.95	1396.84
1478.27	1400.18
1492.18	1402.3
1505.71	1403.37
1518.85	1403.58
1531.56	1403.1
1543.83	1402.09
1555.6	1400.7
1566.83	1399.06
1577.46	1397.29
1587.42	1395.49
1596.67	1393.78
1605.14	1392.23
1612.8	1390.94
1619.58	1389.99
1625.46	1389.43
1630.4	1389.34
1634.37	1389.77
1637.35	1390.79
1639.33	1392.43
1640.27	1394.76
1640.18	1397.8
1639.03	1401.61
1636.79	1406.22
1633.44	1411.69
1628.93	1418.07
1623.22	1425.39
1616.24	1433.73
1607.91	1443.15
1598.14	1453.72
1586.82	1465.51
1573.84	1478.6
1559.08	1493.06
1542.44	1508.96
1523.83	1526.35
1503.17	1545.27
1480.44	1565.73
1455.64	1587.7
1428.84	1611.12
1400.17	1635.88
1369.8	1661.84
1337.99	1688.81
1305.02	1716.56
1271.21	1744.86
1236.92	1773.42
1202.48	1801.97
1168.26	1830.25
1134.57	1857.98
1101.69	1884.93
1069.86	1910.87
1039.26	1935.63
1010.05	1959.05
982.286	1981.01
956.023	2001.44
931.252	2020.29
907.933	2037.51
886.001	2053.13
865.363	2067.16
845.915	2079.64
827.544	2090.62
810.129	2100.18
793.553	2108.4
777.704	2115.34
762.476	2121.1
747.777	2125.78
733.527	2129.44
719.661	2132.19
706.127	2134.11
692.892	2135.27
679.931	2135.75
667.236	2135.61
654.805	2134.93
642.646	2133.76
630.77	2132.14
619.191	2130.13
607.923	2127.76
596.98	2125.07
586.375	2122.06
576.116	2118.78
566.213	2115.22
556.676	2111.4
547.514	2107.32
538.74	2102.97
530.372	2098.35
522.433	2093.44
514.956	2088.21
507.979	2082.65
501.552	2076.71
495.735	2070.35
490.594	2063.52
486.204	2056.15
482.647	2048.17
480.006	2039.5
478.364	2030.04
477.802	2019.7
478.392	2008.36
480.196	1995.93
483.26	1982.28
487.616	1967.32
493.271	1950.94
500.214	1933.06
508.408	1913.62
517.791	1892.58
528.279	1869.94
539.761	1845.72
552.107	1819.98
565.164	1792.83
578.763	1764.39
592.718	1734.84
606.835	1704.36
620.914	1673.17
634.754	1641.48
648.156	1609.52
660.934	1577.52
672.912	1545.69
683.933	1514.21
693.864	1483.27
