749.875	952.078
749.639	922.762
748.98	908.479
746.975	902.495
740.07	899.539
716.506	895.643
658.671	887.428
578.437	876.151
515.302	867.049
482.251	861.622
468.962	857.625
465.574	851.059
468.601	835.215
477.789	803.668
490.112	763.112
499.569	730.914
503.511	712.57
501.369	702.526
489.968	694.24
461.191	681.518
404.753	658.837
328.698	628.725
269.049	605.058
242.469	594.126
236.005	590.247
239.167	587.576
253.436	582.184
289.407	569.556
353.531	547.286
422.576	523.391
465.376	508.645
482.667	502.832
489.042	501.157
494.763	501.185
511.251	503.254
560.351	510.138
651.893	523.165
745.069	536.495
801.774	544.703
826.837	548.643
836.608	551.339
842.326	557.198
853.587	577.945
885.206	640.63
943.743	757.532
999.168	868.331
1026.94	923.841
1036.31	942.523
1039.08	947.844
1040.1	949.174
1041.47	948.819
1046.69	945.484
1066.69	932.188
1120.75	896.164
1198.71	844.196
1251.7	808.868
1271.9	795.407
1277.87	791.437
1279.7	790.279
1280.94	789.685
1284.42	788.34
1298.73	782.915
1349.86	763.569
1457.37	722.896
1566.12	681.769
1623.43	660.122
1643.19	652.732
1648.52	651
1650.06	651.588
1652.03	656.706
1660.6	683.053
1691.05	777.504
1747.29	952.131
1797.79	1108.93
1824.51	1191.94
1834.99	1224.62
1838.4	1235.64
1839.07	1239.36
1837.76	1242.07
1831.03	1249.89
1805.22	1278.73
1731.83	1360.53
1615.67	1489.96
1531.59	1583.64
1500.73	1618.02
1492.71	1626.9
1490.68	1629.02
1490.08	1629.16
1489.73	1627.74
1488.96	1622.62
1486.58	1606.06
1480.57	1564.08
1471.83	1503.35
1464.82	1455.71
1460.72	1431.53
1456.99	1419.84
1449.1	1407.81
1428.81	1382.23
1387.37	1331.32
1335.59	1267.97
1299.8	1224.26
1285.23	1206.53
1281.23	1201.79
1280.31	1201.1
1279.97	1202.62
1279.34	1210.91
1277.24	1241.84
1272.5	1312.5
1266.75	1398.4
1262.84	1456.16
1260.74	1484.14
1259.05	1497.53
1255.95	1508.2
1248.62	1526.55
1232.97	1563.81
1206.44	1626.59
1176.49	1697.47
1157.92	1741.53
1151.82	1756.19
1150.7	1759.57
1151.17	1761.16
1153.95	1765.17
1163.52	1778.32
1186.33	1809.49
1217.86	1852.54
1242.26	1885.87
1254	1902.04
1258.07	1908.05
1259.03	1911.04
1258.32	1916.23
1254.62	1932.95
1243.14	1982.89
1219.6	2084.76
1193.65	2196.6
1178.1	2262.63
1171.83	2287.45
1169.04	2293.73
1165.33	2290.85
1155.04	2274.98
1131.22	2236.23
1096.41	2179.32
1065.13	2128.41
1045.18	2097.08
1033.41	2082.79
1022.64	2081.23
1002.02	2093.82
956.525	2128.61
886.895	2183.37
827.29	2230.45
799.358	2252.47
791.679	2258.27
790.121	2258.62
789.431	2256.2
787.959	2248.06
784.144	2226.24
776.184	2180.57
764.822	2115.51
755.481	2062.69
750.986	2039.47
748.497	2033.19
744.108	2033.04
732.147	2037.15
702.638	2048.33
645.641	2070.17
573.51	2097.84
521.81	2117.57
499.044	2125.91
489.298	2128.36
478.015	2128.37
448.28	2126.08
374.527	2119.66
250.075	2108.65
131.041	2098.07
69.9272	2092.62
49.3767	2090.74
43.4504	2090.04
43.0581	2089.33
49.126	2086.99
73.8022	2078.43
137.674	2056.44
231.282	2024.23
305.46	1998.68
342.816	1985.66
361.379	1978.72
382.33	1969.81
430.147	1948.59
532.155	1903.05
672.101	1840.5
774.434	1794.68
814.793	1776.42
825.342	1771.19
826.559	1769.17
822.393	1766.17
807.345	1757.66
770.709	1737.42
715.323	1706.88
668.218	1680.87
643.957	1667.38
634.601	1661.94
631.289	1659.09
629.564	1653.65
626.456	1634.41
619.383	1585.8
609.869	1515.54
603.382	1453.02
604.094	1411.58
614.44	1384.97
635.715	1362.96
664.262	1341.4
689.167	1324.27
702.976	1315.33
709.408	1312.19
716.118	1311.69
733.585	1313.21
777.849	1318.04
850.105	1326.22
915.303	1333.66
949.863	1337.56
962.981	1338.82
966.687	1338.46
965.481	1335.74
957.409	1326.49
932.91	1299.61
880.459	1242.32
816.628	1172.57
774.89	1126.85
757.892	1107.96
752.461	1101.13
750.805	1095.96
750.265	1083.02
750.069	1050.11
749.977	998.988
