749.925	963.264
749.744	923.924
749.204	907.435
747.574	901.905
742.462	899.627
726.461	896.945
682.613	890.725
603.76	879.663
527.104	868.573
484.765	861.235
469.576	854.966
467.478	843.884
472.999	820.648
484.63	781.696
497.601	739.641
505.619	713.709
508.548	703.999
509.128	701.181
508.101	699.932
501.603	697.068
474.828	686.363
410.521	660.943
330.58	629.331
274.825	606.903
249.405	595.263
245.329	588.564
260.804	580.456
303.919	564.707
375.095	539.849
441.963	516.676
476.047	504.937
487.003	501.346
490.969	500.661
496.462	501.133
513.35	503.44
563.048	510.484
658.402	524.08
755.719	537.995
810.741	545.921
831.427	549.095
838.026	550.869
841.662	554.869
850.135	570.789
877.882	625.926
936.074	742.183
995.689	861.374
1026.44	922.856
1036.57	943.052
1039.3	948.265
1040.28	949.268
1041.88	948.6
1047.55	944.928
1067.86	931.412
1123.15	894.566
1203.73	840.847
1256.5	805.666
1274.52	793.659
1278.86	790.775
1279.88	790.124
1280.65	789.777
1283.7	788.608
1298.25	783.097
1351.86	762.81
1464.58	720.163
1574.28	678.67
1627.47	658.569
1644.24	652.307
1648.72	650.992
1650.29	652.117
1652.77	658.932
1662.64	689.364
1696.22	793.565
1757.81	984.789
1809.77	1146.14
1832.42	1216.47
1838.53	1235.49
1839.7	1239.24
1839.79	1240
1839.28	1240.73
1836.22	1244.19
1820.28	1261.96
1760.57	1328.51
1644.54	1457.79
1547.13	1566.33
1506.23	1611.88
1494.15	1625.25
1490.96	1628.49
1490.03	1628.29
1489.28	1624.52
1487.39	1611.64
1482.62	1578.31
1474.13	1518.98
1465.75	1460.55
1461.52	1431.31
1460.15	1422.48
1459.45	1419.94
1457.65	1417.33
1449.95	1407.79
1424.15	1376.21
1375.08	1316.23
1326.68	1257.11
1298.38	1222.68
1286.26	1208.38
1281.79	1204.77
1280	1209.04
1278.31	1227.86
1274.77	1278.97
1268.84	1367.44
1263.49	1447.46
1260.93	1484.96
1259.94	1496.8
1258.93	1501.62
1256.19	1508.71
1248.37	1527.4
1229.67	1571.67
1198.39	1645.63
1168.62	1716.03
1154.59	1749.25
1151	1757.82
1150.37	1759.63
1150.63	1760.57
1152.81	1763.7
1162.32	1776.74
1187.5	1811.12
1221.49	1857.51
1244.87	1889.46
1254.9	1903.45
1258.2	1909.21
1258.46	1914.33
1255.92	1927.05
1247.59	1963.58
1228.11	2048.12
1199.46	2172.24
1178.66	2262.22
1171.59	2292.69
1170.16	2298.58
1169.78	2299.26
1169.07	2298.34
1166.04	2293.44
1154.32	2274.25
1125.1	2226.5
1085.44	2162.35
1053.6	2113.67
1032.89	2091.53
1011.93	2092.25
973.567	2116.93
907.797	2167.24
839.064	2221.23
802.857	2249.8
792.618	2257.82
790.489	2259.21
789.919	2258.62
789.283	2255.58
787.502	2245.52
782.523	2216.96
772.336	2158.44
760.264	2089.15
753.036	2047.87
750.599	2034.49
749.699	2031.36
748.159	2031.1
741.89	2033.26
718.882	2042.03
662.01	2063.86
582.989	2094.2
525.723	2116.12
500.53	2125.46
490.049	2128.34
479.349	2128.54
451.608	2126.42
378.728	2120.05
250.219	2108.67
127.841	2097.77
67.2398	2092.29
48.5848	2090.27
46.1783	2088.8
53.8812	2085.51
78.7572	2076.77
136.377	2056.9
229.165	2024.98
312.298	1996.39
348.944	1983.79
358.041	1980.64
360.2	1979.85
362.844	1978.71
375.19	1973.2
426.326	1950.35
547.175	1896.33
686.075	1834.12
772.133	1795.19
808.383	1777.56
817.84	1769.22
810.883	1761.1
785.058	1745.67
736.232	1718.49
681.271	1688.15
647.723	1669.56
635.292	1662.33
631.431	1659
629.696	1654.14
627.37	1640.74
622.004	1605.29
611.956	1537.13
601.046	1461.31
594.886	1414.8
593.649	1396.14
596.289	1388.45
605.113	1380.79
624.995	1366.96
654.472	1347.23
681.656	1329.52
699.859	1318.97
713.853	1314.55
734.274	1314.36
776.065	1318.17
845.952	1325.84
914.667	1333.61
951.972	1337.81
964.666	1339.08
967.511	1338.79
965.875	1336.07
955.526	1324.44
922.19	1287.92
859.663	1219.64
800.452	1155.01
769.416	1121.11
756.807	1107.22
752.109	1101.58
750.569	1098.17
750.139	1091.78
750.031	1071.35
749.989	1023.03
