749.882	942.414
749.606	913.577
748.731	903.785
745.619	900.658
734.362	898.284
700.067	893.252
626.756	883.021
537.51	870.646
483.73	863.165
465.877	860.595
461.552	859.64
460.902	858.285
461.962	854.08
466.197	840.293
476.581	806.904
490.71	761.33
501.245	726.386
505.412	708.762
503.414	700.848
491.061	693.672
453.419	678.114
378.415	648.361
298.732	616.882
253.84	598.944
238.497	592.086
237.161	589.001
246.731	584.676
277.7	573.635
342.281	551.174
417.149	525.24
463.537	509.21
481.975	502.924
488.417	501.041
493.039	500.858
505.687	502.39
548.583	508.42
643.742	521.981
749.791	537.135
810.159	545.795
831.709	548.999
838.057	550.414
840.971	553.209
847.614	565.634
872.392	614.911
930.727	731.482
994.311	858.621
1026.89	923.767
1036.9	943.752
1039.35	948.537
1040.08	949.514
1041.09	949.167
1045.78	946.122
1066.43	932.369
1127.06	891.958
1212.35	835.101
1261.39	802.405
1275.71	792.861
1279.02	790.656
1279.84	790.124
1280.29	789.904
1281.52	789.426
1286.93	787.38
1313.13	777.464
1400.81	744.289
1528.88	695.843
1611.09	664.768
1640.67	653.684
1648.2	651.215
1650.15	651.937
1652.36	657.706
1661.26	685.08
1693.25	784.335
1754.96	975.945
1807.5	1139.09
1830.26	1209.76
1837.28	1231.59
1839.24	1237.86
1839.59	1239.75
1838.84	1241.14
1835	1245.53
1818.06	1264.44
1756.82	1332.68
1636.91	1466.29
1539.06	1575.31
1501.7	1616.88
1492.42	1626.95
1490.37	1628.23
1489.52	1625.57
1487.98	1615.55
1484.05	1588.31
1476.44	1535.1
1467.39	1471.77
1461.96	1433.87
1460.34	1422.7
1459.88	1420.35
1459.13	1419.07
1455.84	1414.97
1442.68	1398.86
1404.97	1352.75
1344.96	1279.4
1300.81	1225.46
1284.79	1205.91
1281.01	1201.41
1280.2	1200.81
1279.92	1202.22
1279.36	1209.94
1277.25	1241.36
1271.97	1320.42
1265.62	1415.58
1261.9	1471.09
1260.47	1491.67
1259.82	1498.41
1258.69	1502.55
1254.21	1513.55
1239	1549.61
1207.48	1624.15
1174.63	1701.83
1157.73	1741.87
1152.21	1755.22
1150.94	1759.33
1151.57	1761.67
1155	1766.7
1166.32	1782.21
1193.22	1818.92
1227.43	1865.6
1248.78	1894.76
1256.7	1905.7
1258.91	1909.33
1259.08	1912.32
1257.17	1921.77
1249.37	1955.92
1228.74	2045.38
1198.32	2177.16
1177.96	2265.18
1171.48	2292.42
1169.6	2297.24
1167.38	2295.23
1161.45	2285.84
1146.5	2261.35
1116.1	2211.45
1074.3	2142.84
1043.69	2092.69
1032.65	2074.77
1030.12	2071.22
1028.7	2071.4
1024.13	2074.81
1005.98	2089.09
956.581	2128.15
885.564	2184.33
829.789	2228.39
802.4	2249.79
793.067	2256.4
790.294	2256.25
788.432	2249.46
784.091	2225.6
774.525	2170.95
762.756	2103.54
755.075	2060.24
751.168	2041.48
747.561	2034.91
739.44	2035.22
717.523	2042.79
667.227	2061.91
587.616	2092.47
521.02	2118.06
495.788	2127.74
490.801	2129.63
489.84	2129.89
488.439	2129.82
480.29	2129.12
439.584	2125.51
326.789	2115.49
184.273	2102.81
95.1323	2094.86
58.2279	2091.48
46.3492	2090.05
45.6428	2088.64
55.906	2084.67
92.7273	2071.91
176.388	2043.12
275.17	2009.15
332.643	1989.35
354.166	1981.8
365.019	1977.53
382.206	1970.01
424.677	1951.08
520.402	1908.32
664.965	1843.71
775.232	1794.36
816.905	1775.52
826.266	1770.71
826.148	1768.62
818.979	1764.19
795.719	1751.24
745.809	1723.71
686.262	1690.92
649.742	1670.79
635.997	1663.14
631.75	1660.52
630.282	1658.28
628.695	1649.92
623.799	1617.64
613.006	1544.8
601.251	1464.72
594.627	1418.24
592.502	1398.77
593.443	1390.74
597.896	1385.5
608.633	1377.77
630.356	1363.26
660.998	1343.33
688.833	1326.69
710.862	1318.1
739.61	1316.42
793.774	1320.6
869.836	1328.65
927.579	1335.13
953.555	1338.1
963.817	1339.27
967.896	1339.73
969.235	1339.76
968.377	1338.39
958.234	1327.21
917.504	1282.74
849.039	1208
793.882	1147.69
765.566	1116.28
754.58	1102.52
751.149	1093.68
750.25	1079.69
750.043	1049.43
749.979	996.2
