749.909	965.361
749.656	923.436
748.911	906.68
746.422	901.501
736.845	898.833
703.682	893.813
627.826	883.189
538.851	870.86
487.796	863.774
468.763	860.985
462.749	859.466
461.651	856.85
463.445	849.483
469.517	829.658
482.465	788.096
497.822	738.775
506.43	710.774
508.719	702.207
508.155	699.957
503.869	697.828
486.2	690.749
432.614	669.625
346.133	635.583
277.78	608.612
246.408	595.984
236.836	591.175
239.232	587.845
260.541	579.717
320.358	558.79
404.096	529.752
460.438	510.246
482.152	502.738
488.212	500.664
489.846	500.204
491.581	500.29
501.795	501.707
549.535	508.514
651.898	523.141
752.157	537.495
808.064	545.597
830.503	549.262
838.759	552.458
845.842	562.901
867.522	605.321
922.407	714.866
987.626	845.254
1023.68	917.358
1035.75	941.467
1038.98	947.886
1039.87	949.403
1040.57	949.442
1043.82	947.408
1060.84	936.094
1118.22	897.848
1205.99	839.34
1259.03	803.979
1275.26	793.161
1279.04	790.643
1279.85	790.111
1280.13	789.961
1280.91	789.659
1285.16	788.047
1308.46	779.23
1393.2	747.168
1524.66	697.439
1610.56	664.96
1640.79	653.615
1648.23	651.141
1650.16	651.861
1652.37	657.687
1661.2	684.876
1693.34	784.606
1757.08	982.51
1811.31	1150.91
1833.2	1218.9
1838.7	1236.04
1839.69	1239.42
1839.5	1240.37
1837.87	1242.32
1830.77	1250.28
1803.58	1280.57
1723.16	1370.19
1594.97	1513.03
1514.89	1602.26
1493.9	1625.63
1490.57	1629.3
1490.07	1629.62
1489.85	1628.71
1489.13	1623.81
1486.14	1602.98
1478.17	1547.19
1467.78	1474.48
1461.96	1433.77
1460.35	1422.56
1460.01	1420.39
1459.83	1419.86
1459.08	1418.89
1454.5	1413.29
1432.57	1386.48
1378.3	1320.15
1321.75	1251.05
1293.29	1216.36
1283.66	1204.95
1280.81	1202.97
1279.74	1207.42
1278.34	1225.75
1274.75	1278.88
1268.22	1376.76
1262.61	1460.76
1260.51	1492.09
1260.03	1498.74
1259.75	1500.33
1258.91	1502.5
1255.44	1510.75
1242.24	1541.96
1210.23	1617.64
1174.64	1701.79
1156.88	1743.81
1151.67	1756.26
1150.59	1759.38
1150.97	1760.96
1153.98	1765.33
1165.68	1781.36
1194.94	1821.28
1231.06	1870.54
1251.28	1898.13
1257.75	1907.02
1259.38	1909.46
1259.59	1910.9
1258.48	1916.3
1252.49	1942.45
1233.28	2025.74
1202.19	2160.43
1180.26	2255.19
1172.43	2288.08
1169.73	2295.65
1166.72	2293.71
1158.78	2281.37
1138.98	2249
1102.47	2189.06
1061	2120.98
1037.55	2082.56
1031.12	2072.29
1029.6	2070.92
1027.52	2072.14
1019.96	2078.03
994.125	2098.45
932.926	2146.86
857.08	2206.86
810.687	2243.45
794.739	2255.49
790.619	2256.46
788.533	2249.8
784.406	2227.33
775.121	2174.31
761.821	2097.96
752.897	2046.7
750.403	2032.4
750.029	2030.32
749.938	2030.09
749.609	2030.18
746.858	2031.23
728.28	2038.36
664.683	2062.82
576.65	2096.67
521.555	2117.85
499.413	2126.32
491.998	2128.99
488.394	2129.58
479.972	2129.05
444.703	2125.96
337.406	2116.43
184.746	2102.85
88.063	2094.22
53.228	2091
44.6554	2089.78
46.5759	2088.08
63.0748	2082.15
115.641	2064.02
215.44	2029.7
306.292	1998.46
345.242	1985.06
356.509	1981.16
360.59	1979.63
366.025	1977.28
384.32	1969.13
446.652	1941.28
585.521	1879.22
730.975	1814.17
802.225	1782.2
822.968	1772.59
826.762	1769.77
823.471	1766.83
806.967	1757.45
762.694	1733.01
701.121	1699.1
658.476	1675.6
639.8	1665.17
632.946	1660.76
630.322	1656.68
627.912	1644.4
621.654	1603.23
609.145	1518.94
597.422	1439.48
592.228	1403.55
591.023	1392.96
591.586	1389.83
594.192	1387.43
601.651	1382.3
619.664	1370.28
650.366	1350.05
681.548	1330.35
703.992	1319.16
727.744	1315.78
774.383	1318.66
849.093	1326.35
914.109	1333.6
948.063	1337.46
962.294	1339.05
967.317	1339.38
967.932	1338.39
964.127	1333.76
947.959	1316
899.211	1262.78
824.563	1181.32
773.188	1125.2
754.869	1105.01
750.85	1099.96
750.17	1096.98
750.046	1089.94
750.013	1070.41
749.987	1025.87
