749.949	924.488
749.841	905.761
749.461	901.323
747.618	900.15
738.183	898.59
700.437	893.255
612.932	881.11
520.806	868.354
477.106	862.179
464.453	859.757
462.023	856.811
463.757	848.736
470.026	828.096
482.639	787.592
498.272	737.521
507.411	708.249
509.62	701.14
509.88	700.166
509.689	699.943
508.07	699.275
498.186	695.38
456.619	679.038
367.508	644.004
284.811	611.462
246.526	596.294
235.282	591.415
235.16	589.123
249.195	583.618
299.933	565.858
385.927	536.04
451.705	513.266
479.164	503.774
487.442	500.973
490.117	500.337
493.199	500.533
505.045	502.169
552.832	508.983
659.478	524.22
765.463	539.379
818.519	547.014
835.058	549.545
839.314	550.85
842.289	555.171
854.384	578.935
896.54	663.118
962.86	795.723
1010.2	890.382
1030.54	931.035
1037.43	944.658
1039.72	948.431
1041.72	948.459
1048.56	944.211
1075.19	926.523
1146.97	878.687
1234.39	820.408
1272.35	795.102
1279.19	790.539
1279.93	790.048
1280.01	789.998
1280.12	789.954
1280.87	789.67
1285.7	787.842
1311.37	778.129
1402.67	743.586
1541.48	691.07
1622.18	660.547
1644.83	652.012
1649.15	650.523
1650.11	650.944
1651.54	654.91
1658.72	677.122
1689.33	772.129
1756.89	981.913
1814.76	1161.64
1835.25	1225.26
1839.28	1237.81
1839.84	1239.75
1839.64	1240.33
1838.31	1241.87
1832.66	1248.18
1809.98	1273.45
1733.27	1358.92
1598.42	1509.18
1514.1	1603.14
1493.41	1626.19
1490.42	1629.49
1490.05	1629.8
1489.92	1629.33
1489.42	1625.91
1486.81	1607.68
1478.72	1551.04
1467.93	1475.5
1462.19	1435.38
1460.52	1423.72
1460.08	1420.8
1459.78	1419.88
1458.61	1418.33
1452.64	1411.02
1427.65	1380.46
1368.46	1308.12
1311.16	1238.11
1287.24	1208.92
1281.4	1201.97
1280.22	1201.33
1279.79	1204.36
1278.79	1218.42
1275.52	1267.3
1268.84	1367.46
1262.91	1456.35
1260.64	1490.2
1260.09	1498.09
1259.87	1499.94
1259.27	1501.63
1256.47	1508.33
1244.53	1536.56
1212.74	1611.7
1175.53	1699.68
1156.95	1743.64
1151.66	1756.34
1150.67	1759.56
1151.41	1761.59
1155.6	1767.55
1170.42	1787.83
1203.83	1833.4
1239.24	1881.7
1255.15	1903.42
1259.02	1908.76
1259.73	1909.99
1259.64	1911.25
1258.31	1917.21
1251.71	1945.88
1230.83	2036.38
1198.84	2174.96
1178.44	2263.1
1171.83	2290.83
1169.61	2296.54
1166.52	2293.63
1156.11	2277.04
1127.65	2230.39
1081.35	2154.36
1045.11	2094.85
1032.86	2074.74
1030.51	2070.93
1029.98	2070.3
1029.36	2070.58
1026.22	2073.02
1009.95	2085.89
955.462	2129.01
871.397	2195.54
815.67	2239.57
796.245	2254.6
791.172	2257.18
789.135	2252.79
785.436	2233.22
775.993	2179.34
761.929	2098.58
752.985	2047.18
750.524	2033.04
750.08	2030.52
749.978	2030.12
749.761	2030.12
748.052	2030.76
734.807	2035.85
677.356	2057.94
582.274	2094.51
519.453	2118.66
496.974	2127.28
491.147	2129.41
488.915	2129.77
483.897	2129.43
461.929	2127.5
379.62	2120.19
226.06	2106.53
104.999	2095.75
56.3736	2091.36
44.0518	2090.07
43.0087	2089.29
49.9751	2086.65
81.583	2075.73
163.952	2047.4
263.983	2013
323.687	1992.46
349.059	1983.64
361.371	1979.03
377.142	1972.25
417.914	1954.1
517.39	1909.67
674.86	1839.31
788.586	1788.46
823.14	1772.95
828.631	1770.25
828.379	1769.32
824.063	1766.81
807.151	1757.47
760.683	1731.88
693.895	1695.13
650.432	1671.2
635.185	1662.71
631.219	1660.14
629.965	1657.52
628.147	1646.8
621.985	1605.69
608.849	1517.1
596.881	1436.15
591.993	1402.52
590.959	1392.87
591.96	1389.53
596.169	1386.07
607.598	1378.31
632.595	1361.62
668.972	1337.43
696.454	1319.35
707.754	1312.57
713.839	1311.25
727.802	1312.35
768.883	1316.9
842.414	1325.3
912.915	1333.41
951.69	1337.85
965.131	1339.31
968.33	1339.37
967.747	1337.89
960.531	1329.77
928.881	1295.16
859.418	1219.34
794.475	1148.34
763.641	1114.11
753.675	1101.09
750.907	1091.05
750.199	1071.17
750.035	1030.59
749.993	971.807
