749.977	909.034
749.906	901.9
749.568	900.394
747.915	899.84
739.893	898.659
705.36	893.873
614.578	881.327
515.563	867.647
472.589	861.671
462.433	860.136
460.674	859.41
461.005	857.148
464.167	846.76
474.582	813.36
491.732	758.449
503.939	719.339
508.314	705.143
509.283	701.13
508.45	699.714
503.677	697.59
484.635	690.055
426.329	667.135
328.683	628.759
259.641	601.615
236.768	592.58
231.928	590.47
232.413	589.489
241.615	586.092
283.384	571.557
371.403	541.062
447.196	514.822
478.906	503.851
487.598	500.867
489.775	500.228
491.388	500.256
498.297	501.199
533.456	506.213
633.146	520.456
750.593	537.254
814.097	546.408
834.246	549.665
839.895	552.283
845.344	561.288
863.947	598.045
917.55	705.13
989.89	849.783
1028.92	927.832
1038.51	947.006
1039.84	949.659
1040	949.925
1040.21	949.838
1041.93	948.702
1055.47	939.682
1114.69	900.207
1210.53	836.311
1262.42	801.722
1276.29	792.474
1279.31	790.469
1280	790.035
1280.72	789.734
1283.76	788.58
1297.07	783.542
1345.57	765.192
1465.01	719.996
1593.21	671.49
1641.25	653.316
1648.99	650.391
1649.86	650.082
1650.03	650.195
1650.55	651.739
1654.99	665.509
1680.74	745.455
1748.13	954.713
1810.73	1149.11
1833.93	1221.15
1838.92	1236.67
1839.78	1239.48
1839.72	1240.19
1838.56	1241.58
1832.9	1247.91
1808.93	1274.62
1728.54	1364.2
1591.78	1516.59
1510.83	1606.79
1492.63	1627.05
1490.29	1629.62
1490.01	1629.7
1489.84	1628.76
1489.14	1623.97
1486.07	1602.46
1477.3	1541.06
1466.52	1465.68
1461.47	1430.36
1460.24	1421.9
1459.85	1420.12
1458.96	1418.79
1454.9	1413.78
1439.27	1394.67
1395.43	1341.08
1328.3	1259.03
1289.51	1211.63
1281.24	1201.53
1280.18	1200.26
1280.02	1200.22
1279.94	1201.02
1279.61	1205.94
1277.78	1233.4
1271.91	1321.37
1264.76	1428.56
1261.26	1480.89
1260.23	1495.9
1259.81	1499.71
1258.83	1502.61
1254.72	1512.45
1239.48	1548.5
1203.53	1633.47
1167.44	1718.78
1153.43	1751.91
1150.6	1758.67
1150.22	1759.88
1150.56	1760.66
1152.96	1764
1164.38	1779.6
1196.67	1823.64
1235.41	1876.47
1253.92	1901.74
1258.72	1908.35
1259.66	1909.96
1259.57	1911.52
1257.94	1918.84
1250.1	1952.87
1226.7	2054.27
1194.24	2194.87
1176.25	2272.58
1171.1	2293.68
1169.14	2296.84
1165.31	2291.9
1152.37	2270.95
1118.16	2214.82
1068.51	2133.27
1038.43	2083.86
1031.17	2071.95
1030.12	2070.32
1029.74	2070.28
1028.43	2071.27
1022.25	2076.15
997.567	2095.68
929.787	2149.34
843.511	2217.63
801.424	2250.92
791.871	2258.43
790.298	2259.43
789.816	2258.36
788.334	2250.23
781.858	2213.13
767.918	2133.02
756.252	2065.99
751.663	2039.76
750.237	2032.4
749.259	2030.82
746.163	2031.58
733.853	2036.23
693.541	2051.72
606.043	2085.37
523.44	2117.14
495.35	2127.94
490.733	2129.71
490.048	2129.94
489.477	2129.94
485.849	2129.63
462.463	2127.55
364.175	2118.81
185.691	2102.95
74.4073	2093.05
45.8926	2090.51
41.045	2090.07
40.3077	2089.97
40.7235	2089.76
45.1643	2088.23
74.3566	2078.19
161.454	2048.25
265.023	2012.63
327.375	1991.14
353.873	1981.76
371.68	1974.54
411.246	1957.05
513.942	1911.21
677.902	1837.95
791.11	1787.34
823.442	1772.8
828.475	1770.17
827.743	1768.96
821.973	1765.64
801.75	1754.48
750.26	1726.15
682.237	1688.71
643.841	1667.52
632.861	1661.21
630.437	1658.83
629.221	1653.57
626.04	1632.9
616.908	1571.53
602.7	1475.68
593.656	1414.61
590.873	1395.78
590.228	1391.25
590.216	1390.16
591.143	1389.31
596.835	1385.46
617.796	1371.48
656.845	1345.49
690.021	1323.58
705.305	1314.18
713.936	1311.77
732.382	1312.97
784.601	1318.72
870.722	1328.56
938.01	1336.3
963.362	1339.19
968.652	1339.66
968.949	1339.08
966.897	1336.68
959.55	1328.63
933.566	1300.26
869.268	1230.07
799.604	1153.88
764.729	1115.04
753.852	1100.18
750.972	1086.53
750.213	1055.51
750.033	997.686
749.997	937.844
