749.99	919.551
749.964	904.429
749.86	900.842
749.411	900.083
747.184	899.647
734.376	897.857
678.005	890.072
573.765	875.676
499.302	865.34
470.763	861.159
462.965	859.097
462.247	854.732
466.799	838.623
480.108	795.715
497.627	739.593
506.92	709.838
509.356	702.011
509.813	700.383
509.639	699.959
507.93	699.214
497.299	695.02
450.281	676.543
350.168	637.202
268.314	605.026
238.657	593.33
232.074	590.557
232.022	589.589
239.199	586.901
274.675	574.563
359.147	545.302
440.061	517.29
476.536	504.667
487.026	501.044
489.492	500.224
490.367	500.113
493.443	500.505
515.147	503.596
597.934	515.425
720.697	532.986
800.223	544.464
829.943	549.313
839.538	553.607
848.179	567.354
873.293	616.792
935.29	740.613
1005.49	880.978
1034.73	939.461
1039.56	949.124
1039.98	949.928
1040.07	949.939
1040.56	949.62
1043.88	947.406
1063.23	934.513
1134.57	886.953
1232.66	821.56
1272.65	794.901
1279.19	790.542
1279.91	790.059
1280	790.002
1280.13	789.952
1281.33	789.498
1291.41	785.682
1343.85	765.841
1479.05	714.682
1605.01	667.023
1643.12	652.606
1648.97	650.392
1649.84	650.078
1650.02	650.142
1650.39	651.216
1653.78	661.748
1677.39	735.066
1747.31	952.168
1813.52	1157.79
1835.73	1226.73
1839.49	1238.41
1839.93	1239.84
1839.92	1240.06
1839.48	1240.58
1836.17	1244.26
1815.88	1266.87
1734.11	1357.99
1590.11	1518.45
1509.78	1607.96
1492.85	1626.82
1490.41	1629.51
1490.05	1629.8
1489.91	1629.32
1489.5	1626.49
1487.32	1611.27
1479.45	1556.16
1467.96	1475.75
1461.94	1433.58
1460.35	1422.6
1459.96	1420.36
1459.39	1419.34
1456.4	1415.62
1442.86	1399.05
1400.75	1347.58
1332.47	1264.13
1291.19	1213.68
1281.69	1202.08
1280.27	1200.44
1280.01	1200.64
1279.82	1202.85
1279.16	1212.66
1276.54	1251.87
1269.9	1351.51
1263.2	1451.99
1260.62	1490.64
1260.07	1498.58
1259.9	1500
1259.4	1501.37
1256.57	1508.09
1243.54	1538.9
1208.37	1622.04
1170.24	1712.16
1154.47	1749.47
1150.92	1758.05
1150.5	1760.05
1151.68	1762.16
1157.23	1769.83
1176.35	1795.92
1216.05	1850.07
1249.2	1895.27
1258.66	1908.18
1259.86	1909.84
1259.96	1910.05
1259.88	1910.48
1258.99	1914.36
1252.64	1941.86
1228.88	2044.85
1194.31	2194.63
1176.13	2273.3
1171.21	2294.21
1169.87	2298.24
1168.08	2296.55
1160.18	2283.8
1131.39	2236.56
1079.07	2150.61
1042.71	2090.89
1032.24	2073.71
1030.32	2070.61
1029.91	2070.22
1029.06	2070.77
1023.62	2075.06
996.235	2096.73
920.007	2157.08
834.986	2224.38
800.207	2251.89
792.178	2258.14
790.327	2258.97
789.509	2256.65
787.572	2245.93
780.7	2206.5
765.91	2121.48
754.102	2053.61
750.582	2033.42
750.023	2030.4
749.801	2030.14
748.837	2030.46
742.789	2032.78
710.93	2045.03
622.561	2079.02
533.865	2113.13
500.287	2126.04
492.059	2129.17
489.989	2129.8
487.875	2129.78
479.45	2129.06
445.007	2126
332.628	2116.01
155.38	2100.25
62.8274	2092.02
43.545	2090.29
40.8415	2089.97
41.4832	2089.54
47.6657	2087.38
74.5979	2078.11
151.403	2051.71
266.396	2012.18
336.594	1988.04
355.854	1981.41
359.695	1980.05
362.726	1978.76
378.565	1971.7
452.368	1938.73
618.769	1864.37
760.099	1801.21
813.006	1777.51
826.073	1771.36
827.492	1769.31
822.506	1766.01
803.612	1755.51
752.779	1727.53
681.657	1688.39
642.187	1666.59
632.092	1660.67
630.105	1658
628.704	1650.49
624.462	1622.37
613.268	1547
598.926	1450.21
592.026	1403.5
590.496	1392.54
590.551	1390.23
592.107	1388.74
598.754	1384.2
619.53	1370.32
659.036	1343.98
694.006	1320.67
706.752	1312.19
709.429	1310.46
710.422	1310.18
714.296	1310.54
737.341	1313.18
811.473	1321.71
905.329	1332.53
953.303	1338.03
966.402	1339.44
968.738	1339.29
967.206	1337.1
957.306	1326.19
920.469	1285.97
845.368	1204.03
782.18	1135.04
758.114	1108.67
751.921	1101.45
750.464	1097.31
750.113	1083.17
750.022	1036.47
750	964.988
