749.992	938.081
749.961	910.009
749.82	902.105
749.145	900.322
745.711	899.506
729.17	897.148
666.963	888.55
555.007	873.099
483.414	863.211
463.858	860.495
460.609	859.994
460.24	859.61
461.013	856.862
466.509	839.199
481.859	790.052
497.73	739.25
505.903	713.029
508.77	703.456
509.026	700.489
506.417	698.753
493.829	693.674
444.558	674.296
341.534	633.812
261.278	602.27
235.82	592.237
231.26	590.289
231.695	589.569
238.648	587.054
273.252	575.045
361.72	544.409
447.511	514.71
481.343	502.999
488.599	500.493
489.835	500.095
490.431	500.086
493.39	500.491
512.707	503.246
593.275	514.757
725.247	533.629
807.951	545.526
833.596	549.519
839.704	551.854
844.846	560.243
865.022	600.176
924.801	719.624
997.258	864.518
1029.47	928.932
1037.6	945.197
1039.51	948.997
1039.96	949.784
1040.35	949.724
1042.83	948.107
1060.13	936.575
1132.84	888.104
1234.94	820.04
1273.42	794.384
1279.25	790.499
1279.92	790.054
1280	790.004
1280.07	789.974
1280.65	789.755
1286.63	787.49
1331.09	770.667
1471.6	717.504
1607.07	666.245
1644.86	651.945
1649.55	650.17
1649.97	650.016
1650	650.02
1650.06	650.194
1650.97	653.022
1662.78	689.688
1720.22	868.051
1796.64	1105.36
1830.36	1210.07
1838.27	1234.65
1839.72	1239.16
1839.9	1239.95
1839.52	1240.52
1836.22	1244.21
1814.41	1268.51
1724.9	1368.26
1576.4	1533.72
1504.32	1614.04
1491.75	1628.04
1490.22	1629.73
1490.01	1629.81
1489.88	1629.1
1489.32	1625.25
1486.72	1607.06
1478.07	1546.52
1466.37	1464.58
1461.17	1428.23
1460.15	1421.14
1459.94	1420.08
1459.49	1419.41
1456.5	1415.73
1440.65	1396.35
1390.78	1335.4
1320.94	1250.04
1287.54	1209.22
1281.14	1201.41
1280.19	1200.28
1280.01	1200.38
1279.85	1202.34
1279.1	1213.51
1275.97	1260.45
1268.57	1371.39
1262.17	1467.37
1260.29	1495.6
1260.01	1499.57
1259.89	1500.2
1259.35	1501.52
1256.33	1508.67
1241.99	1542.56
1203.4	1633.78
1165.37	1723.67
1152.54	1754.01
1150.37	1759.19
1150.16	1760.01
1150.65	1760.85
1153.98	1765.42
1170.26	1787.62
1211.25	1843.52
1247.15	1892.48
1257.87	1907.1
1259.68	1909.58
1259.93	1910.01
1259.87	1910.51
1259.07	1914.01
1253.35	1938.82
1229.66	2041.48
1193.6	2197.71
1175.35	2276.75
1170.93	2295.71
1169.98	2298.95
1168.95	2298.09
1163.35	2289.03
1138.03	2247.47
1084.84	2160.09
1044.99	2094.63
1032.83	2074.68
1030.44	2070.81
1029.88	2070.29
1028.79	2070.99
1022.49	2075.96
991.738	2100.29
908.899	2165.87
825.247	2232.09
796.336	2254.97
791.032	2259.13
790.136	2259.62
789.789	2258.57
788.587	2251.82
782.904	2219.18
768.222	2134.78
755.114	2059.42
750.87	2035.06
750.087	2030.77
749.801	2030.21
748.666	2030.54
741.388	2033.32
704.346	2047.56
608.103	2084.58
522.92	2117.34
496.182	2127.62
490.98	2129.58
489.653	2129.88
486.949	2129.71
473.228	2128.51
414.298	2123.27
258.994	2109.47
96.5558	2095.03
46.991	2090.62
40.7809	2090.06
40.1632	2089.99
40.3971	2089.87
42.6523	2089.09
56.848	2084.21
118.964	2062.86
242.612	2020.35
328.948	1990.67
354.182	1981.99
359.221	1980.23
361.766	1979.18
374.288	1973.61
441.54	1943.56
610.701	1867.98
760.483	1801.04
814.908	1776.65
826.858	1770.98
827.574	1769.14
821.342	1765.32
796.852	1751.79
735.505	1718.03
665.362	1679.44
636.486	1663.52
630.977	1660.33
630.036	1659.08
629.323	1655.13
626.602	1636.97
617.105	1572.93
601.845	1469.93
593.048	1410.48
590.652	1394.07
590.307	1390.7
590.998	1389.54
595.495	1386.39
614.454	1373.71
656.088	1345.94
692.958	1321.37
706.244	1312.53
709.337	1310.55
710.682	1310.22
715.797	1310.71
743.546	1313.89
826.853	1323.49
920.856	1334.32
959.904	1338.82
968.189	1339.73
969.368	1339.61
968.175	1338.07
960.425	1329.57
926.465	1292.51
847.626	1206.49
778.958	1131.55
755.317	1105.71
750.803	1100.57
750.141	1098.8
750.036	1092.86
750.009	1065.43
750	1000.18
