749.99	971.59
749.929	923.489
749.545	905.778
747.482	900.875
738.146	898.591
703.845	893.67
614.43	881.305
506.69	866.438
465.825	860.799
460.466	860.054
460.066	859.966
460.111	859.695
460.887	857.189
466.569	838.99
484.503	781.591
502.167	725.058
508.52	704.718
509.749	700.739
509.866	700.077
509.333	699.759
504.787	697.957
472.667	685.335
371.001	645.391
272.939	606.863
238.431	593.294
231.459	590.486
230.85	589.859
233.572	588.79
250.281	582.986
317.313	559.778
418.262	524.833
472.709	505.987
486.947	501.066
489.574	500.198
490.588	500.135
494.833	500.701
519.124	504.163
610.718	517.248
749.173	537.037
820.954	547.318
837.14	549.695
839.739	550.363
841.269	552.739
850.416	570.895
893.926	657.868
971.123	812.247
1019.34	908.677
1035.28	940.556
1039.14	948.265
1039.89	949.691
1040.27	949.76
1042.51	948.314
1059.42	937.052
1133	888.001
1236.23	819.18
1273.84	794.108
1279.29	790.471
1279.92	790.055
1280.01	789.997
1280.19	789.927
1281.36	789.484
1289.64	786.354
1340.95	766.94
1490.51	710.346
1618.36	661.973
1647.22	651.053
1649.82	650.069
1649.99	650.009
1650.01	650.035
1650.11	650.336
1651.13	653.502
1662.5	688.803
1720.73	869.621
1800.25	1116.56
1833.03	1218.37
1839.19	1237.48
1839.92	1239.77
1839.96	1240.01
1839.71	1240.32
1837.04	1243.3
1815.37	1267.44
1717.99	1375.95
1563.62	1547.96
1500.2	1618.63
1491.17	1628.69
1490.14	1629.83
1490.01	1629.93
1489.96	1629.69
1489.73	1628.09
1488.18	1617.25
1480.8	1565.59
1468.16	1477.13
1461.68	1431.8
1460.24	1421.8
1459.89	1420.1
1459.06	1418.9
1454.1	1412.8
1430.95	1384.49
1369.61	1309.53
1304.31	1229.71
1283.09	1203.78
1280.38	1200.46
1280.05	1200.08
1280	1200.09
1279.94	1200.98
1279.38	1209.29
1276.32	1255.19
1268.51	1372.38
1261.98	1470.25
1260.25	1496.25
1260.01	1499.62
1259.92	1500.15
1259.46	1501.26
1256.73	1507.72
1242.75	1540.77
1203.12	1634.45
1164.32	1726.16
1152.11	1755.05
1150.3	1759.47
1150.29	1760.27
1151.48	1761.99
1158.1	1771.04
1183.37	1805.5
1228.53	1867.08
1254.06	1901.91
1259.15	1908.84
1259.88	1909.86
1259.95	1910.1
1259.78	1910.93
1258.35	1917.13
1249.7	1954.63
1219.76	2084.35
1184.14	2238.71
1172.06	2291.05
1170.26	2298.8
1169.97	2299.71
1169.52	2299.17
1166.33	2293.96
1146.32	2261.09
1090.8	2169.89
1045.28	2095.1
1032.42	2073.98
1030.33	2070.56
1030.01	2070.11
1029.78	2070.2
1028.17	2071.45
1014.04	2082.64
946.95	2135.75
848.401	2213.76
802.927	2249.76
792.27	2258.16
790.333	2259.5
789.833	2258.64
788.577	2251.75
782.577	2217.3
767.321	2129.6
754.448	2055.59
750.69	2034.03
750.036	2030.61
749.596	2030.25
747.477	2030.99
736.191	2035.32
687.923	2053.88
580.998	2095
506.838	2123.52
491.595	2129.38
490.111	2129.95
489.932	2129.99
489.424	2129.95
485.102	2129.56
451.059	2126.54
312.441	2114.22
129.052	2097.92
57.4812	2091.55
43.0426	2090.26
40.679	2089.98
41.2762	2089.59
46.6932	2087.7
71.8637	2079.05
154.851	2050.52
282.056	2006.79
346.264	1984.72
358.418	1980.53
360.207	1979.88
362.334	1978.95
373.558	1973.94
433.161	1947.31
598.846	1873.28
756.091	1803
813.99	1777
826.238	1770.89
825.546	1768.1
812.847	1760.67
771.705	1737.95
697.354	1697.05
644.061	1667.73
631.683	1660.91
630.225	1660.05
629.977	1659.57
629.593	1657.19
627.646	1644.08
619.444	1588.73
603.64	1482.06
593.462	1413.3
590.667	1394.24
590.271	1390.68
590.924	1389.58
595.539	1386.36
616.196	1372.55
661.104	1342.6
696.819	1318.79
707.649	1311.59
709.77	1310.29
710.897	1310.16
715.322	1310.63
738.417	1313.29
816.807	1322.33
915.784	1333.74
958.84	1338.7
968.118	1339.75
969.498	1339.77
968.774	1338.73
962.376	1331.7
929.232	1295.53
845.054	1203.69
773.932	1126.09
753.384	1103.66
750.401	1100.39
750.056	1099.88
750.012	1098.77
750.004	1089.05
750	1044.25
