749.997	935.019
749.991	905.513
749.969	900.67
749.817	900.07
748.676	899.837
739.71	898.587
686.499	891.243
564.043	874.35
483.285	863.209
463.103	860.424
460.314	860.031
460.054	859.946
460.176	859.459
462.055	853.43
473.74	816.033
494.057	751.013
505.673	713.835
509.117	702.768
509.745	700.404
509.236	699.772
505.502	698.243
481.977	688.992
390.822	653.179
281.675	610.297
239.312	593.65
231.293	590.481
230.341	590.017
231.139	589.632
239.859	586.594
291.588	568.683
395.309	532.779
463.367	509.221
484.407	501.942
489.024	500.366
490.242	500.121
493.493	500.513
514.778	503.542
603.053	516.153
743.684	536.252
819.123	547.056
836.749	549.645
839.702	550.407
841.438	553.091
851.292	572.648
896.656	663.327
975.157	820.315
1022.28	914.562
1036.55	943.093
1039.48	948.947
1039.94	949.829
1040.16	949.855
1041.84	948.767
1056.65	938.896
1127.55	891.632
1232.56	821.624
1272.76	794.829
1279.08	790.613
1279.89	790.075
1280.04	789.988
1280.45	789.828
1282.99	788.867
1297.42	783.409
1366.03	757.45
1527.08	696.511
1633.37	656.293
1649.23	650.293
1649.98	650.009
1650	650.004
1650.01	650.037
1650.12	650.381
1651.25	653.88
1663.02	690.424
1724.34	880.837
1806.35	1135.52
1835.78	1226.9
1839.72	1239.13
1839.98	1239.96
1839.99	1240.01
1839.9	1240.11
1838.64	1241.51
1823.37	1258.53
1732.92	1359.31
1571.27	1539.44
1502.04	1616.58
1491.42	1628.41
1490.16	1629.81
1490	1629.86
1489.88	1629.12
1489.2	1624.42
1485.83	1600.82
1475.25	1526.72
1463.58	1445.08
1460.34	1422.38
1460.02	1420.17
1460	1420.01
1459.95	1419.94
1459.14	1418.95
1448.83	1406.35
1396.68	1342.61
1318.96	1247.61
1286.73	1208.22
1280.91	1201.11
1280.1	1200.14
1280.01	1200.08
1279.96	1200.62
1279.57	1206.52
1276.78	1248.27
1268.71	1369.36
1262.02	1469.75
1260.31	1495.4
1260.04	1499.33
1259.96	1500.02
1259.63	1500.87
1257.25	1506.49
1243.15	1539.82
1200.55	1640.53
1161.58	1732.63
1151.45	1756.58
1150.18	1759.6
1150.04	1759.97
1150.14	1760.18
1151.8	1762.46
1165.9	1781.68
1208.6	1839.91
1244.81	1889.29
1256.63	1905.41
1259.37	1909.19
1259.85	1910.09
1259.63	1911.53
1257.6	1920.39
1246.71	1967.6
1213.61	2111.01
1180.16	2255.95
1171.15	2294.99
1170.11	2299.44
1169.93	2299.78
1169.39	2298.98
1165.99	2293.41
1146.09	2260.72
1088.74	2166.49
1042.56	2090.64
1031.41	2072.32
1030.12	2070.21
1029.99	2070.04
1029.76	2070.2
1027.44	2072.03
1008.61	2086.93
930.069	2149.11
831.758	2226.94
797.039	2254.42
791.047	2259.14
790.118	2259.69
789.8	2258.71
788.713	2252.58
783.187	2220.82
767.329	2129.64
753.705	2051.31
750.369	2032.15
750.013	2030.16
749.926	2030.05
749.388	2030.24
744.344	2032.18
709.011	2045.77
604.079	2086.12
517.768	2119.32
494.584	2128.24
490.654	2129.74
490.039	2129.96
489.555	2129.95
485.445	2129.59
451.285	2126.56
307.172	2113.75
120.993	2097.2
53.8208	2091.22
42.108	2090.14
41.0178	2089.77
44.1417	2088.59
59.576	2083.27
112.853	2064.96
226.366	2025.94
328.488	1990.83
356.58	1981.17
359.76	1980.07
360.932	1979.58
367.039	1976.85
400.607	1961.86
519.84	1908.58
714.418	1821.64
812.151	1777.97
828.169	1770.81
829.732	1770.08
829.625	1769.84
826.346	1768.01
801.635	1754.41
726.785	1713.23
656.756	1674.71
634.891	1662.68
630.772	1660.36
630.045	1659.6
629.607	1657.25
627.668	1644.24
619.184	1586.98
602.523	1474.52
592.545	1407.15
590.337	1392.18
590.082	1390.23
590.254	1389.88
591.982	1388.69
604.233	1380.52
644.211	1353.86
687.034	1325.31
704.581	1313.63
709.115	1310.72
710.801	1310.24
715.858	1310.7
742.213	1313.72
828.211	1323.64
927.114	1335.05
962.746	1339.16
968.89	1339.83
969.615	1339.75
968.665	1338.58
961.922	1331.19
927.827	1294
840.799	1199.05
771.441	1123.38
753.274	1103.55
750.497	1100.46
750.08	1099.52
750.014	1096.07
750.003	1076.71
750	1012.09
