632.525	1366.88
638.313	1351.48
643.391	1336.73
647.815	1322.53
651.643	1308.79
654.926	1295.37
657.718	1282.18
660.064	1269.11
662.008	1256.05
663.584	1242.92
664.825	1229.65
665.755	1216.21
666.393	1202.55
666.75	1188.66
666.834	1174.57
666.644	1160.28
666.176	1145.83
665.42	1131.27
664.361	1116.63
662.982	1101.97
661.263	1087.33
659.182	1072.74
656.716	1058.23
653.846	1043.82
650.551	1029.53
646.817	1015.34
642.634	1001.27
637.998	987.278
632.911	973.358
627.382	959.478
621.432	945.611
615.086	931.724
608.382	917.791
601.366	903.786
594.092	889.694
586.628	875.507
579.048	861.227
571.438	846.872
563.891	832.471
556.509	818.069
549.4	803.724
542.675	789.505
536.448	775.495
530.833	761.783
525.938	748.465
521.867	735.642
518.713	723.412
516.558	711.875
515.47	701.123
515.503	691.244
516.695	682.314
519.071	674.4
522.641	667.557
527.404	661.826
533.348	657.238
540.455	653.808
548.702	651.541
558.064	650.427
568.516	650.447
580.035	651.571
592.598	653.76
606.187	656.965
620.787	661.134
636.38	666.203
652.949	672.109
670.472	678.779
688.917	686.139
708.243	694.111
728.393	702.614
749.291	711.562
770.843	720.867
792.937	730.439
815.443	740.186
838.221	750.016
861.124	759.839
884.006	769.572
906.731	779.138
929.183	788.472
951.268	797.522
972.925	806.255
994.125	814.655
1014.88	822.727
1035.21	830.495
1055.2	838.005
1074.92	845.321
1094.48	852.525
1113.98	859.714
1133.51	866.996
1153.17	874.487
1173.02	882.309
1193.12	890.582
1213.5	899.424
1234.16	908.941
1255.08	919.226
1276.19	930.353
1297.44	942.372
1318.73	955.31
1339.94	969.162
1360.94	983.899
1381.58	999.463
1401.73	1015.77
1421.21	1032.72
1439.87	1050.2
1457.57	1068.07
1474.15	1086.21
1489.48	1104.49
1503.47	1122.8
1516	1141.03
1527.03	1159.09
1536.5	1176.91
1544.4	1194.42
1550.74	1211.57
1555.57	1228.34
1558.93	1244.69
1560.93	1260.6
1561.66	1276.03
1561.24	1290.97
1559.8	1305.38
1557.49	1319.23
1554.45	1332.49
1550.82	1345.13
1546.74	1357.13
1542.33	1368.46
1537.71	1379.11
1532.98	1389.1
1528.21	1398.44
1523.46	1407.16
1518.77	1415.32
1514.16	1422.96
1509.63	1430.17
1505.16	1437.01
1500.73	1443.58
1496.28	1449.96
1491.76	1456.24
1487.08	1462.52
1482.17	1468.87
1476.94	1475.39
1471.29	1482.15
1465.12	1489.22
1458.31	1496.69
1450.75	1504.62
1442.35	1513.06
1432.98	1522.1
1422.57	1531.79
1411.01	1542.18
1398.23	1553.35
1384.17	1565.34
1368.79	1578.23
1352.06	1592.05
1333.98	1606.86
1314.56	1622.7
1293.84	1639.6
1271.87	1657.57
1248.73	1676.63
1224.52	1696.74
1199.32	1717.87
1173.27	1739.95
1146.49	1762.87
1119.12	1786.5
1091.32	1810.7
1063.25	1835.26
1035.06	1859.99
1006.92	1884.64
979.004	1908.97
951.466	1932.73
924.452	1955.69
898.089	1977.6
872.478	1998.28
847.689	2017.54
823.755	2035.25
800.676	2051.33
778.415	2065.73
756.902	2078.42
736.043	2089.44
715.722	2098.83
695.812	2106.65
676.183	2113
656.709	2117.97
637.273	2121.64
617.777	2124.13
598.144	2125.53
578.323	2125.94
558.289	2125.42
538.05	2124.08
517.64	2121.98
497.126	2119.19
476.602	2115.76
456.186	2111.76
436.019	2107.23
416.26	2102.2
397.081	2096.71
378.66	2090.77
361.178	2084.42
344.81	2077.64
329.725	2070.43
316.074	2062.77
303.995	2054.63
293.603	2045.98
284.992	2036.76
278.235	2026.9
273.384	2016.35
270.471	2005.02
269.507	1992.84
270.487	1979.73
273.388	1965.63
278.169	1950.47
284.775	1934.21
293.128	1916.83
303.135	1898.31
314.682	1878.67
327.634	1857.96
341.837	1836.24
357.119	1813.6
373.293	1790.15
390.161	1766.04
407.518	1741.39
425.157	1716.36
442.876	1691.11
460.481	1665.79
477.796	1640.55
494.658	1615.53
510.927	1590.87
526.488	1566.68
541.245	1543.08
555.127	1520.15
568.084	1497.97
580.089	1476.61
591.131	1456.11
601.214	1436.5
610.359	1417.8
618.598	1399.98
625.97	1383.03
