749.999	955.364
749.998	911.241
749.994	901.612
749.965	900.217
749.679	899.993
746.378	899.507
714.848	895.153
601.78	879.555
498.439	865.3
466.234	860.855
460.809	860.09
460.138	859.899
460.267	859.197
462.086	853.335
473.182	817.819
494.426	749.835
506.392	711.539
509.382	701.939
509.821	700.267
509.325	699.787
505.335	698.175
480.055	688.237
382.963	650.092
271.374	606.252
235.233	592.052
230.47	590.176
230.112	589.998
230.527	589.826
235.561	588.078
276.131	574.033
381.644	537.509
461.087	510.01
485.183	501.674
489.457	500.227
490.434	500.102
493.629	500.525
514.87	503.554
607.08	516.727
753.443	537.641
823.836	547.706
837.726	549.704
839.721	550.074
840.449	551.014
845.562	561.158
880.751	631.513
961.904	793.809
1019.14	908.281
1036.51	943.018
1039.56	949.125
1039.95	949.884
1040.09	949.918
1041.32	949.118
1054.62	940.251
1125.66	892.893
1233.81	820.794
1273.64	794.238
1279.32	790.453
1279.93	790.045
1280.01	789.997
1280.2	789.923
1282.02	789.237
1296.11	783.904
1370.75	755.66
1540.58	691.401
1637.7	654.653
1649.37	650.239
1649.96	650.016
1650	650.008
1650.02	650.074
1650.24	650.751
1652.2	656.84
1668.2	706.512
1739.62	928.292
1819.67	1176.86
1838.81	1236.31
1839.97	1239.9
1840	1240
1840	1240
1839.94	1240.06
1839.34	1240.74
1830.85	1250.19
1754.78	1334.96
1582.47	1526.96
1503	1615.51
1491.18	1628.69
1490.09	1629.9
1490.01	1629.98
1489.98	1629.88
1489.76	1628.3
1487.47	1612.29
1477.32	1541.22
1464.63	1452.41
1460.68	1424.76
1460.09	1420.64
1460.01	1420.07
1459.97	1419.97
1459.53	1419.43
1452.81	1411.22
1407.55	1355.9
1326.44	1256.76
1288.58	1210.49
1281.15	1201.4
1280.13	1200.16
1280.01	1200.05
1279.98	1200.32
1279.72	1204.27
1277.36	1239.61
1269.42	1358.71
1262.31	1465.37
1260.37	1494.46
1260.05	1499.21
1259.96	1500
1259.66	1500.79
1257.29	1506.41
1242.63	1541.05
1198.63	1645.07
1160.38	1735.46
1151.26	1757.02
1150.16	1759.63
1150.03	1759.96
1150.05	1760.06
1150.97	1761.32
1161.72	1775.99
1202.04	1830.96
1241.38	1884.61
1255.68	1904.12
1259.18	1908.95
1259.79	1910.22
1259.36	1912.69
1256.18	1926.56
1241.59	1989.79
1204.73	2149.49
1175.62	2275.66
1170.34	2298.53
1170.01	2299.92
1169.96	2299.93
1169.66	2299.43
1167.18	2295.37
1149.72	2266.68
1091.58	2171.16
1042.48	2090.51
1031.31	2072.15
1030.11	2070.19
1029.99	2070.04
1029.8	2070.16
1028.12	2071.49
1012.46	2083.89
935.538	2144.78
832.338	2226.48
796.408	2254.92
790.776	2259.37
790.081	2259.84
789.901	2259.34
789.092	2254.76
783.962	2225.27
767.876	2132.79
753.851	2052.15
750.455	2032.63
750.042	2030.31
749.941	2030.06
749.464	2030.21
745.138	2031.87
712.397	2044.46
606.719	2085.11
517.136	2119.56
493.839	2128.52
490.43	2129.83
489.973	2129.97
489.354	2129.94
484.608	2129.52
448.606	2126.32
298.189	2112.95
110.831	2096.29
49.8169	2090.86
41.1958	2090.05
40.9096	2089.74
44.955	2088.31
67.6899	2080.48
146.869	2053.26
276.427	2008.73
346.854	1984.52
358.43	1980.54
359.833	1980.05
360.553	1979.75
365.306	1977.63
400.044	1962.11
539.383	1899.85
742.555	1809.07
819.806	1774.55
829.07	1770.4
829.815	1770
829.397	1769.68
825.539	1767.55
799.315	1753.13
718.349	1708.59
649.752	1670.86
632.71	1661.48
630.343	1660.14
629.993	1659.66
629.616	1657.37
627.595	1643.76
618.605	1583.08
601.137	1465.17
591.84	1402.4
590.212	1391.34
590.087	1390.13
590.456	1389.73
593.54	1387.65
611.312	1375.79
659.026	1343.98
697.769	1318.16
708.117	1311.26
709.787	1310.19
710.461	1310.09
713.994	1310.47
736.92	1313.11
823.947	1323.15
929.739	1335.35
964.678	1339.38
969.445	1339.93
969.877	1339.93
969.501	1339.47
965.504	1335.1
936.316	1303.26
844.757	1203.37
769.868	1121.67
752.386	1102.6
750.247	1100.23
750.028	1099.76
750.004	1098.29
750.001	1089.05
750	1041.37
