749.999	936.918
749.999	904.578
749.997	900.432
749.97	900.041
749.735	899.97
747.67	899.68
725.617	896.637
619.501	882
503.099	865.943
466.017	860.826
460.601	860.066
460.09	859.92
460.225	859.312
461.943	853.79
472.881	818.781
494.817	748.583
506.811	710.2
509.502	701.555
509.825	700.182
509.099	699.683
503.497	697.451
470.625	684.532
359.859	641.016
254.641	599.679
231.622	590.636
230.072	590.024
230.05	589.986
230.449	589.846
234.918	588.298
273.804	574.838
390.13	534.571
471.61	506.366
488.172	500.634
489.832	500.059
489.991	500.007
490.131	500.02
493.518	500.503
538.652	506.951
684.658	527.812
797.823	543.985
831.931	548.868
838.795	549.933
840.34	550.997
845.421	560.89
881.019	632.048
966.423	802.846
1024.35	918.709
1038.41	946.813
1039.9	949.805
1039.99	949.986
1040.02	949.987
1040.29	949.804
1045.63	946.244
1095.89	912.743
1208.76	837.496
1266.29	799.139
1278.14	791.238
1279.8	790.131
1279.99	790.01
1280.11	789.96
1281.41	789.467
1294.17	784.637
1369.67	756.07
1544.05	690.09
1638.91	654.197
1649.43	650.217
1649.96	650.014
1650	650.004
1650.01	650.043
1650.19	650.589
1652.13	656.619
1668.75	708.211
1742.06	935.873
1821.32	1181.99
1838.95	1236.73
1839.96	1239.87
1840	1239.99
1839.99	1240.01
1839.84	1240.17
1838.45	1241.72
1825.37	1256.3
1734.98	1357.02
1559.55	1552.5
1495.86	1623.47
1490.21	1629.77
1490	1629.99
1490	1630
1490	1629.98
1489.94	1629.59
1488.75	1621.26
1480.07	1560.52
1466.1	1462.71
1460.95	1426.67
1460.11	1420.77
1460.01	1420.06
1459.97	1419.96
1459.61	1419.52
1454.47	1413.25
1413.73	1363.45
1329.88	1260.97
1288.59	1210.5
1280.95	1201.16
1280.09	1200.11
1280.01	1200.02
1279.99	1200.16
1279.85	1202.3
1278.09	1228.63
1270.42	1343.76
1262.6	1461
1260.38	1494.32
1260.04	1499.35
1259.97	1500
1259.72	1500.65
1257.35	1506.26
1241.32	1544.15
1193.74	1656.62
1157.41	1742.49
1150.68	1758.39
1150.07	1759.84
1150.02	1760
1150.12	1760.16
1151.14	1761.56
1161.12	1775.16
1203.51	1832.96
1246.06	1890.99
1258.24	1907.6
1259.84	1909.79
1259.98	1910
1259.94	1910.23
1259.12	1913.8
1250.68	1950.39
1216.82	2097.13
1181.28	2251.13
1171.67	2292.75
1170.23	2298.95
1169.97	2299.78
1169.51	2299.19
1166.33	2293.97
1146.36	2261.16
1085.69	2161.5
1039.48	2085.58
1030.72	2071.19
1030.04	2070.08
1029.94	2070.06
1029.45	2070.43
1025.88	2073.26
1002.5	2091.77
911.955	2163.45
814.961	2240.24
791.993	2258.42
790.113	2259.91
790.006	2259.97
789.97	2259.82
789.626	2257.84
786.117	2237.67
770.842	2149.84
754.95	2058.47
750.637	2033.67
750.064	2030.4
749.982	2030.05
749.746	2030.1
746.835	2031.22
718.778	2042.01
614.563	2082.09
519.82	2118.53
494.293	2128.35
490.486	2129.8
489.897	2129.96
488.647	2129.88
479.944	2129.11
427.606	2124.45
250.852	2108.74
79.3489	2093.5
42.7081	2090.24
40.1434	2090.01
40.0776	2089.98
40.6699	2089.77
48.7572	2086.99
106.31	2067.21
243.155	2020.17
333.397	1989.14
355.225	1981.64
359.356	1980.21
360.803	1979.63
367.495	1976.65
411.837	1956.84
574.349	1884.23
771.044	1796.34
825.386	1772.06
829.707	1770.13
829.941	1769.99
829.685	1769.83
826.887	1768.29
803.161	1755.24
718.818	1708.85
647.358	1669.55
631.795	1660.98
630.148	1660.06
629.997	1659.89
629.855	1659.01
628.651	1650.89
620.996	1599.22
602.959	1477.47
592.474	1406.67
590.382	1392.39
590.224	1390.22
591.257	1389.21
598.234	1384.52
628.257	1364.5
681.624	1328.92
706.183	1312.55
709.594	1310.27
709.956	1310.04
710.072	1310.01
711.166	1310.14
724.872	1311.72
804.292	1320.88
921.51	1334.4
963.206	1339.21
969.216	1339.86
969.548	1339.59
967.51	1337.29
955.919	1324.64
906.755	1271.01
807.542	1162.77
756.964	1107.6
750.507	1100.55
750.05	1100.04
750.009	1099.89
750.002	1098.48
750.001	1086.12
750	1026.49
