750	924.357
750	901.937
749.998	900.128
749.981	900.008
749.801	899.974
748.019	899.727
729.168	897.127
624.465	882.685
500.146	865.536
464.281	860.587
460.312	860.024
460.066	859.873
460.338	858.932
462.715	851.314
475.841	809.308
498.991	735.227
508.486	704.843
509.841	700.5
509.953	700.045
509.687	699.886
506.765	698.731
480.221	688.302
366.413	643.59
254.146	599.485
231.725	590.677
230.101	590.039
230.01	590.002
230.05	589.983
231.375	589.524
255.158	581.292
363.826	543.676
461.248	509.953
486.001	501.385
489.522	500.169
490.021	500.028
490.689	500.101
496.932	500.991
552.19	508.885
712.57	531.799
817.896	546.847
838.249	549.754
839.916	549.997
840.025	550.062
840.479	550.961
849.142	568.286
906.586	683.171
993.02	856.041
1031.68	933.364
1039.1	948.194
1039.92	949.838
1039.99	949.985
1040.02	949.985
1041	949.332
1065.55	932.965
1170.62	862.921
1252.93	808.048
1275.6	792.931
1279.45	790.368
1279.95	790.034
1280.14	789.95
1281.72	789.35
1297.15	783.51
1386.6	749.663
1570.27	680.168
1645.21	651.812
1649.9	650.037
1650	650.001
1650	650
1650	650.001
1650.02	650.061
1650.78	652.419
1663.27	691.194
1734.07	911.047
1818.26	1172.49
1838.44	1235.16
1839.9	1239.7
1839.99	1239.98
1839.96	1240.05
1839.54	1240.52
1836.21	1244.22
1813.78	1269.22
1702.08	1393.68
1534.33	1580.61
1491.98	1627.8
1490.03	1629.97
1490	1630
1490	1629.99
1489.99	1629.92
1489.88	1629.14
1488.54	1619.75
1479.37	1555.6
1465.14	1455.96
1460.57	1424.01
1460.04	1420.28
1460	1420.02
1459.98	1419.98
1459.69	1419.62
1455.23	1414.17
1415.52	1365.63
1327.61	1258.2
1286.33	1207.74
1280.42	1200.52
1280.02	1200.03
1280	1200.02
1279.99	1200.16
1279.87	1201.91
1278.39	1224.19
1270.65	1340.19
1262.35	1464.69
1260.25	1496.22
1260.02	1499.7
1260	1499.99
1259.93	1500.15
1258.89	1502.63
1247.1	1530.5
1200.56	1640.51
1159.87	1736.67
1151.16	1757.26
1150.13	1759.71
1150.03	1760
1150.2	1760.27
1151.81	1762.47
1164.51	1779.78
1212.01	1844.56
1252.04	1899.15
1259.52	1909.35
1259.98	1909.98
1260	1910.01
1259.97	1910.14
1259.49	1912.21
1253.03	1940.19
1219.16	2086.98
1180.82	2253.13
1171.19	2294.83
1170.1	2299.53
1170	2299.94
1169.87	2299.78
1168.16	2296.97
1151.6	2269.77
1090.91	2170.07
1041.53	2088.94
1031.33	2072.18
1030.14	2070.24
1029.98	2070.05
1029.6	2070.32
1026.08	2073.11
1000.45	2093.39
903.675	2170.01
809.668	2244.43
791.283	2258.98
790.075	2259.94
790.003	2259.98
789.968	2259.81
789.618	2257.8
786.024	2237.14
769.922	2144.55
753.963	2052.79
750.367	2032.11
750.025	2030.16
749.989	2030.02
749.857	2030.06
748.127	2030.72
726.487	2039.04
624.925	2078.11
521.715	2117.8
493.927	2128.49
490.349	2129.86
489.976	2129.98
489.401	2129.94
483.568	2129.43
437.579	2125.34
261.566	2109.69
83.2104	2093.84
43.7115	2090.33
40.3342	2090.01
40.277	2089.92
41.9453	2089.33
55.1253	2084.8
126.974	2060.1
271.298	2010.49
346.093	1984.78
358.465	1980.53
359.853	1980.05
360.358	1979.84
364.639	1977.93
403.6	1960.52
569.464	1886.41
772.023	1795.9
825.085	1772.2
829.608	1770.17
829.931	1770
829.688	1769.83
826.872	1768.28
803.137	1755.23
718.071	1708.44
647.186	1669.45
631.987	1661.09
630.211	1660.09
629.99	1659.79
629.73	1658.16
627.972	1646.31
618.814	1584.49
600.349	1459.85
591.472	1399.92
590.158	1390.97
590.102	1390.05
590.707	1389.55
595.823	1386.12
623.203	1367.87
677.971	1331.35
705.062	1313.29
709.421	1310.4
710.104	1310.07
711.385	1310.17
719.194	1311.06
756.701	1315.39
862.617	1327.61
951.721	1337.89
968.511	1339.83
969.852	1339.98
969.889	1339.9
968.667	1338.55
957.042	1325.87
900.141	1263.79
796.873	1151.13
754.683	1105.11
750.359	1100.39
750.034	1100.02
750.004	1099.82
750.001	1097.99
750	1082.2
750	1011.94
