750	922.053
750	901.466
749.999	900.075
749.993	900.004
749.903	899.987
748.699	899.821
732.744	897.62
629.59	883.391
499.214	865.408
463.63	860.498
460.229	860.015
460.052	859.887
460.35	858.888
463.304	849.431
478.998	799.207
502.09	725.313
508.987	703.242
509.859	700.449
509.976	700.052
509.902	699.967
508.49	699.407
488.644	691.61
375.743	647.256
255.374	599.968
232.022	590.794
230.147	590.057
230.017	590.002
230.083	589.972
231.231	589.574
250.595	582.871
358.793	545.418
463.655	509.12
487.45	500.883
489.819	500.063
489.995	500.006
490.122	500.018
492.624	500.375
531.386	505.913
686.846	528.123
809.278	545.615
836.644	549.524
839.696	549.964
840.005	550.06
840.458	550.92
848.272	566.545
904.841	679.681
995.563	861.126
1034	937.996
1039.61	949.225
1039.98	949.963
1040	949.997
1040.02	949.983
1040.59	949.604
1057.24	938.507
1156.53	872.311
1250.07	809.951
1275.97	792.687
1279.62	790.254
1279.97	790.019
1280.09	789.966
1281.48	789.441
1297.22	783.484
1392.49	747.435
1578.95	676.885
1646.08	651.484
1649.85	650.056
1649.99	650.003
1650	650.001
1650.01	650.018
1650.09	650.288
1651.39	654.326
1666.81	702.196
1743.75	941.107
1824.15	1190.78
1839.25	1237.67
1839.97	1239.91
1840	1240
1839.98	1240.03
1839.63	1240.41
1835.89	1244.58
1808.46	1275.15
1683.81	1414.04
1522.76	1593.5
1491.02	1628.86
1490.02	1629.98
1490	1630
1490	1629.99
1489.97	1629.82
1489.72	1628.02
1487.54	1612.8
1476.47	1535.31
1463.01	1441.09
1460.16	1421.11
1460	1420.03
1460	1420
1460	1420
1459.89	1419.87
1456.92	1416.24
1420.7	1371.97
1329.77	1260.83
1286.27	1207.67
1280.4	1200.49
1280.02	1200.03
1280	1200.03
1279.98	1200.28
1279.8	1203.03
1277.99	1230.19
1269.53	1357.1
1261.56	1476.64
1260.09	1498.61
1260	1499.94
1260	1500
1259.98	1500.05
1259.49	1501.21
1250.84	1521.65
1205.29	1629.32
1160.84	1734.39
1151.15	1757.27
1150.1	1759.76
1150.01	1759.99
1150.09	1760.11
1151.17	1761.59
1162.49	1777.04
1210.65	1842.7
1252.08	1899.2
1259.45	1909.25
1259.96	1909.95
1259.99	1910.01
1259.97	1910.12
1259.57	1911.86
1253.75	1937.06
1219.88	2083.85
1180.45	2254.7
1171.01	2295.6
1170.08	2299.67
1170	2299.96
1169.88	2299.79
1168.34	2297.27
1152.29	2270.91
1089.92	2168.44
1039.97	2086.38
1030.83	2071.36
1030.05	2070.09
1029.99	2070.02
1029.82	2070.14
1027.36	2072.09
1003.01	2091.36
901.652	2171.61
807.618	2246.05
791.286	2258.98
790.101	2259.92
790.006	2259.98
789.971	2259.83
789.664	2258.07
786.34	2238.95
769.834	2144.04
753.413	2049.63
750.225	2031.29
750.009	2030.06
749.99	2030.01
749.872	2030.05
748.103	2030.73
726.327	2039.1
620.366	2079.86
516.485	2119.81
492.709	2128.96
490.215	2129.91
489.797	2129.97
487.725	2129.8
471.889	2128.39
388.502	2120.98
180.833	2102.52
54.8568	2091.32
40.7084	2090.06
40.0634	2090
40.1832	2089.94
42.1999	2089.24
61.8193	2082.5
161.271	2048.31
311.593	1996.64
356.634	1981.16
359.842	1980.05
359.993	1980
360.06	1979.97
361.374	1979.39
385.174	1968.75
540.381	1899.4
761.708	1800.51
823.288	1773
829.426	1770.25
829.937	1770.01
829.823	1769.91
827.7	1768.74
805.898	1756.75
719.774	1709.38
646.608	1669.13
631.645	1660.9
630.133	1660.06
629.997	1659.91
629.86	1659.05
628.572	1650.36
620.162	1593.59
601.275	1466.1
591.72	1401.6
590.201	1391.27
590.099	1390.09
590.689	1389.56
596.059	1385.97
625.337	1366.44
681.324	1329.12
706.162	1312.56
709.611	1310.27
710.082	1310.05
711.108	1310.13
718.937	1311.03
761.214	1315.91
874.154	1328.94
955.942	1338.38
968.887	1339.87
969.873	1339.97
969.759	1339.75
967.535	1337.31
949.755	1317.92
875.512	1236.92
775.81	1128.16
751.223	1101.33
750.043	1100.05
750.003	1099.99
750	1099.89
750	1098.71
750	1085.51
750	1013.41
