750	923.458
750	901.697
749.999	900.101
749.984	900.005
749.778	899.97
747.386	899.64
724.052	896.421
604.516	879.933
482.426	863.093
460.949	860.13
460.026	860.002
460.004	859.991
460.042	859.867
460.902	857.113
471.121	824.415
496.096	744.494
507.537	707.881
509.669	701.056
509.952	700.108
509.815	699.939
507.569	699.046
482.469	689.185
358.812	640.605
246.722	596.569
230.842	590.331
230.047	590.018
230.012	589.998
230.128	589.956
231.655	589.427
251.738	582.476
366.374	542.794
471.868	506.276
489.09	500.315
489.97	500.011
490.006	500.002
490.117	500.017
492.046	500.292
524.046	504.864
687.507	528.217
818.349	546.909
838.761	549.823
839.936	549.991
839.998	550.003
840.033	550.067
841.222	552.444
869.486	608.972
966.967	803.934
1027.58	925.155
1038.79	947.571
1039.91	949.819
1040	949.987
1040.02	949.985
1040.45	949.697
1052.5	941.665
1147.27	878.484
1250.3	809.803
1276.92	792.051
1279.79	790.141
1279.99	790.009
1280.03	789.989
1280.8	789.698
1293.65	784.834
1387.5	749.326
1579.33	676.742
1646.11	651.472
1649.84	650.059
1649.99	650.003
1650	650.001
1650.01	650.026
1650.14	650.426
1651.93	655.98
1670.81	714.636
1755.46	977.481
1830.07	1209.17
1839.76	1239.26
1840	1239.99
1840	1240
1840	1240
1839.87	1240.15
1837.03	1243.31
1809.07	1274.47
1677.5	1421.07
1518.25	1598.52
1490.79	1629.11
1490.02	1629.98
1490	1630
1490	1629.99
1489.98	1629.87
1489.74	1628.2
1487.51	1612.54
1476.14	1533.01
1462.77	1439.39
1460.13	1420.91
1460	1420.02
1460	1420
1459.99	1419.99
1459.85	1419.82
1456.66	1415.92
1419.05	1369.95
1326.19	1256.45
1284.76	1205.82
1280.2	1200.24
1280.01	1200.01
1280	1200.01
1279.99	1200.09
1279.89	1201.62
1278.42	1223.74
1270.17	1347.48
1261.77	1473.47
1260.13	1498.02
1260.01	1499.87
1260	1500
1259.96	1500.09
1259.39	1501.45
1250.43	1522.62
1203.66	1633.16
1159.46	1737.64
1150.79	1758.13
1150.05	1759.88
1150.01	1760
1150.05	1760.07
1150.89	1761.21
1161.39	1775.53
1209.99	1841.81
1252.28	1899.48
1259.48	1909.29
1259.97	1909.95
1260	1910.01
1259.97	1910.13
1259.53	1912.02
1253.4	1938.62
1217.91	2092.41
1178.69	2262.34
1170.65	2297.2
1170.04	2299.83
1170	2299.98
1169.92	2299.87
1168.75	2297.95
1154.04	2273.77
1089.96	2168.51
1038.72	2084.33
1030.54	2070.88
1030.02	2070.04
1030	2070.01
1029.93	2070.06
1028.47	2071.21
1007.5	2087.81
903.659	2170.02
806.709	2246.77
791.127	2259.11
790.072	2259.94
790.004	2259.99
789.989	2259.93
789.782	2258.74
786.785	2241.51
769.89	2144.37
753.091	2047.77
750.193	2031.11
750.011	2030.07
749.997	2030.01
749.935	2030.03
748.766	2030.47
730.195	2037.62
623.641	2078.6
514.744	2120.48
491.989	2129.23
490.113	2129.95
489.927	2129.99
488.999	2129.91
477.811	2128.92
397.391	2121.77
181.325	2102.56
56.392	2091.46
41.3661	2090.12
40.1485	2090.01
40.2405	2089.92
42.806	2089.04
67.0779	2080.69
182.247	2041.1
328.309	1990.89
358.79	1980.42
359.971	1980.01
360	1980
360.026	1979.99
360.664	1979.7
377.466	1972.2
523.395	1906.99
755.86	1803.13
822.717	1773.25
829.428	1770.25
829.926	1770
829.673	1769.82
826.77	1768.22
801.86	1754.52
711.557	1704.86
642.506	1666.88
630.92	1660.5
630.058	1660.02
629.984	1659.86
629.765	1658.41
627.819	1645.28
617.04	1572.52
597.495	1440.59
590.613	1394.13
590.034	1390.2
590.042	1389.99
590.391	1389.74
593.806	1387.46
619.158	1370.56
678.617	1330.92
706.184	1312.55
709.716	1310.2
710.052	1310.03
710.825	1310.1
718.634	1311
768.678	1316.77
892.768	1331.09
961.663	1339.04
969.449	1339.94
969.951	1339.99
969.938	1339.94
968.773	1338.66
953.463	1321.96
875.743	1237.17
773.82	1125.99
751.382	1101.51
750.095	1100.1
750.007	1100
750	1099.95
750	1099.21
750	1088.27
750	1017.92
