750	920.233
750	901.389
750	900.099
749.997	900.007
749.934	899.992
748.52	899.796
727.569	896.906
604.594	879.944
480.225	862.789
460.955	860.131
460.051	860.005
460.009	859.982
460.07	859.776
460.892	857.146
470.332	826.936
496.308	743.813
508.172	705.851
509.853	700.47
509.984	700.035
509.914	699.971
508.2	699.294
483.563	689.614
354.341	638.848
244.073	595.528
230.723	590.284
230.046	590.018
230.006	590
230.058	589.98
231.041	589.64
247.964	583.782
362.218	544.232
472.413	506.088
489.125	500.303
489.964	500.013
490	500.001
490.042	500.006
491.123	500.16
516.39	503.77
676.017	526.575
815.837	546.549
838.416	549.774
839.905	549.987
839.997	550.004
840.039	550.078
841.077	552.153
866.768	603.537
965.785	801.57
1028.71	927.413
1039.16	948.322
1039.96	949.912
1040	949.994
1040.03	949.982
1040.49	949.676
1051.54	942.306
1145.8	879.47
1252.3	808.465
1277.71	791.529
1279.88	790.077
1279.99	790.004
1280.02	789.994
1280.55	789.791
1292.05	785.442
1386.03	749.881
1581.59	675.884
1646.6	651.288
1649.89	650.042
1650	650.001
1650	650.001
1650	650.015
1650.12	650.373
1652.15	656.685
1674.21	725.184
1765.98	1010.14
1833.99	1221.35
1839.92	1239.76
1840	1240
1840	1240
1840	1240
1839.93	1240.07
1837.58	1242.7
1807.26	1276.48
1663.49	1436.69
1510.61	1607.03
1490.43	1629.52
1490.01	1629.99
1490	1630
1490	1630
1489.99	1629.9
1489.73	1628.1
1487.07	1609.48
1474.45	1521.15
1461.8	1432.61
1460.04	1420.3
1460	1420
1460	1420
1460	1420
1459.94	1419.93
1457.7	1417.19
1422.72	1374.44
1327.3	1257.81
1284.56	1205.58
1280.18	1200.22
1280.01	1200.01
1280	1200.01
1279.99	1200.09
1279.89	1201.68
1278.34	1224.88
1269.67	1354.9
1261.38	1479.23
1260.07	1498.95
1260	1499.95
1260	1500
1259.99	1500.03
1259.7	1500.72
1252.9	1516.78
1207.76	1623.46
1160.53	1735.11
1150.87	1757.93
1150.05	1759.88
1150.01	1760
1150.05	1760.07
1150.89	1761.22
1161.77	1776.05
1212.13	1844.72
1253.67	1901.37
1259.69	1909.57
1259.99	1909.98
1260	1910
1259.99	1910.06
1259.69	1911.34
1254.25	1934.94
1218.59	2089.45
1178.35	2263.81
1170.55	2297.6
1170.03	2299.88
1170	2299.99
1169.95	2299.91
1168.93	2298.25
1154.4	2274.38
1088.05	2165.37
1037.28	2081.96
1030.38	2070.63
1030.02	2070.03
1030	2070
1029.95	2070.04
1028.99	2070.8
1011.39	2084.74
907.476	2167
806.63	2246.83
790.998	2259.21
790.048	2259.96
790.002	2259.99
789.99	2259.94
789.805	2258.88
786.881	2242.06
769.423	2141.68
752.611	2045.01
750.126	2030.73
750.004	2030.03
749.992	2030
749.882	2030.05
748.291	2030.66
727.871	2038.51
614.913	2081.96
508.48	2122.89
491.047	2129.6
490.048	2129.98
489.974	2130
489.517	2129.96
481.615	2129.25
405.551	2122.49
180.875	2102.52
55.8402	2091.41
41.2537	2090.11
40.1184	2090
40.2145	2089.93
42.9625	2088.98
71.1467	2079.29
201.106	2034.62
339.751	1986.96
359.53	1980.16
359.99	1980
360.002	1980
360.042	1979.98
360.654	1979.71
374.01	1973.74
514.97	1910.76
757.406	1802.44
824.078	1772.65
829.666	1770.15
829.944	1769.99
829.539	1769.75
824.582	1767.02
787.728	1746.75
686.599	1691.13
635.155	1662.84
630.31	1660.17
630.022	1660.01
629.998	1659.98
629.931	1659.53
628.752	1651.58
618.956	1585.45
598.388	1446.62
590.762	1395.14
590.051	1390.32
590.043	1390
590.437	1389.71
594.539	1386.98
623.218	1367.85
684.151	1327.23
707.625	1311.58
709.852	1310.1
710.01	1310.01
710.328	1310.04
715.355	1310.62
761.458	1315.94
893.258	1331.15
963.343	1339.23
969.77	1339.97
969.995	1340
969.998	1340
969.942	1339.94
966.855	1336.57
919.907	1285.35
804.86	1159.85
758.377	1109.14
750.974	1101.06
750.079	1100.08
750.005	1099.94
750	1099.09
750	1087.54
750	1014
