750	931.094
750	903.331
750	900.287
749.998	900.021
749.964	899.997
748.947	899.855
730.079	897.252
607.764	880.381
480.621	862.844
460.989	860.136
460.049	860.004
460.012	859.971
460.122	859.611
461.463	855.318
473.261	817.564
500.151	731.516
509.249	702.402
509.964	700.115
509.997	700.007
509.991	699.997
509.429	699.776
492.545	693.143
370.149	645.058
249.167	597.53
231.395	590.548
230.104	590.041
230.012	590
230.096	589.967
231.464	589.493
251.002	582.73
370.607	541.329
476.404	504.706
489.566	500.15
489.991	500.003
490.002	500
490.038	500.005
490.88	500.126
512.867	503.267
671.053	525.866
816.024	546.576
838.637	549.805
839.941	549.992
839.999	550.003
840.037	550.074
840.986	551.973
865.189	600.379
966.784	803.568
1030.69	931.372
1039.55	949.094
1039.99	949.972
1040	949.998
1040.02	949.985
1040.45	949.702
1050.58	942.945
1145.35	879.765
1255.54	806.306
1278.56	790.958
1279.95	790.03
1280	790.001
1280.01	789.998
1280.33	789.876
1290.18	786.147
1384.63	750.41
1585.37	674.454
1647.32	651.012
1649.93	650.025
1650	650.001
1650	650
1650	650.005
1650.07	650.223
1652.02	656.266
1676.72	732.98
1775.73	1040.42
1836.59	1229.41
1839.97	1239.89
1840	1240
1840	1240
1840	1240
1839.96	1240.05
1838.24	1241.96
1807.88	1275.79
1654.57	1446.62
1505.87	1612.32
1490.24	1629.73
1490	1629.99
1490	1630
1490	1630
1489.99	1629.95
1489.79	1628.56
1487.22	1610.53
1474.4	1520.82
1461.72	1432.01
1460.04	1420.27
1460	1420
1460	1420
1460	1420
1459.94	1419.93
1457.71	1417.2
1422.31	1373.94
1325.7	1255.86
1283.92	1204.8
1280.12	1200.15
1280	1200
1280	1200
1279.99	1200.08
1279.89	1201.58
1278.32	1225.16
1269.3	1360.47
1261.11	1483.33
1260.04	1499.42
1260	1499.99
1260	1500
1259.99	1500.03
1259.73	1500.64
1253.55	1515.24
1207.4	1624.33
1158.87	1739.02
1150.47	1758.88
1150.01	1759.96
1150	1760
1150.01	1760.01
1150.41	1760.55
1159.08	1772.38
1209.09	1840.57
1253.12	1900.62
1259.6	1909.46
1259.98	1909.97
1260	1910
1259.98	1910.09
1259.63	1911.6
1253.82	1936.78
1216.21	2099.75
1176.47	2271.96
1170.26	2298.86
1170.01	2299.97
1170	2300
1169.98	2299.96
1169.36	2298.94
1156.77	2278.27
1088.89	2166.74
1036.57	2080.79
1030.29	2070.48
1030.01	2070.02
1030	2070
1029.98	2070.01
1029.42	2070.46
1014.86	2081.99
910.213	2164.83
805.768	2247.52
790.834	2259.34
790.038	2259.97
790.002	2260
789.996	2259.98
789.895	2259.4
787.531	2245.8
770.374	2147.15
752.792	2046.05
750.15	2030.87
750.004	2030.04
749.957	2030.02
749.448	2030.21
744.461	2032.13
707.624	2046.3
576.997	2096.54
496.769	2127.4
490.177	2129.93
490.006	2130
489.982	2130
489.456	2129.95
479.19	2129.04
384.935	2120.66
146.155	2099.44
47.1725	2090.64
40.2807	2090.02
40.0197	2090
40.1023	2089.97
42.052	2089.29
69.4801	2079.87
210.471	2031.4
345.356	1985.03
359.678	1980.11
359.993	1980
360	1980
360.016	1979.99
360.389	1979.83
370.615	1975.26
505.86	1914.83
758.429	1801.98
825.021	1772.22
829.781	1770.1
829.972	1769.99
829.724	1769.85
825.541	1767.55
788.239	1747.03
683.991	1689.69
634.72	1662.6
630.313	1660.17
630.022	1660.01
629.989	1659.92
629.817	1658.77
627.773	1644.97
614.739	1556.99
594.435	1419.94
590.134	1390.9
590.002	1390.01
590.003	1390
590.053	1389.96
591.199	1389.2
610.033	1376.65
673.828	1334.12
705.527	1312.98
709.628	1310.25
709.979	1310.02
710.14	1310.02
713.472	1310.4
754.169	1315.1
886.946	1330.42
961.932	1339.07
969.597	1339.95
969.981	1340
969.997	1340
969.933	1339.93
967.103	1336.84
921.138	1286.7
803.481	1158.34
756.657	1107.26
750.459	1100.5
750.018	1100.02
750.001	1099.99
750	1099.75
750	1094.01
750	1033.94
