750	940.408
750	904.433
750	900.32
749.999	900.02
749.977	899.998
749.167	899.885
731.284	897.419
607.304	880.318
479.159	862.642
460.795	860.109
460.031	860.003
460.006	859.984
460.078	859.749
461.212	856.122
472.712	819.323
500.213	731.319
509.293	702.262
509.966	700.107
509.997	700.006
509.977	699.992
509.325	699.735
492.055	692.95
365.326	643.164
245.555	596.111
230.707	590.278
230.024	590.009
230.003	590
230.046	589.984
231.111	589.616
250.507	582.901
376.874	539.159
480.478	503.296
489.816	500.064
489.997	500.001
490	500
490.012	500.002
490.455	500.065
506.957	502.423
664.454	524.923
818.695	546.957
839.164	549.881
839.974	549.996
839.999	550
840.004	550.008
840.319	550.638
856.953	583.906
956.687	783.375
1028.86	927.714
1039.36	948.73
1039.97	949.942
1040	949.996
1040.04	949.972
1040.78	949.477
1053.66	940.891
1157.71	871.528
1264.62	800.256
1279.63	790.247
1280	790.002
1280	790
1280	790
1280.08	789.971
1286.18	787.66
1373.68	754.553
1581.44	675.942
1646.87	651.183
1649.9	650.038
1650	650.001
1650	650
1650	650.004
1650.06	650.182
1651.91	655.929
1677.18	734.412
1778.36	1048.6
1837.16	1231.19
1839.97	1239.92
1840	1240
1840	1240
1840	1240
1839.96	1240.04
1838.27	1241.92
1806.64	1277.17
1647.11	1454.93
1502.9	1615.63
1490.15	1629.83
1490	1630
1490	1630
1490	1630
1489.99	1629.96
1489.81	1628.66
1487.13	1609.92
1473.78	1516.48
1461.4	1429.77
1460.02	1420.15
1460	1420
1460	1420
1460	1420
1459.93	1419.91
1457.7	1417.19
1421.79	1373.3
1323.55	1253.23
1283.32	1204.05
1280.09	1200.11
1280	1200
1280	1200
1279.99	1200.09
1279.88	1201.87
1278.13	1228.03
1268.67	1369.92
1260.83	1487.62
1260.02	1499.76
1260	1500
1260	1500
1259.99	1500.02
1259.78	1500.53
1254.13	1513.88
1207.09	1625.07
1157.6	1742.04
1150.28	1759.33
1150.01	1759.99
1150	1760
1150	1760
1150.17	1760.23
1156.73	1769.18
1204.99	1834.99
1251.91	1898.97
1259.46	1909.26
1259.97	1909.96
1260	1910
1259.97	1910.12
1259.51	1912.11
1252.83	1941.08
1212.99	2113.7
1174.79	2279.24
1170.11	2299.53
1170	2300
1170	2300
1169.99	2299.98
1169.61	2299.35
1158.89	2281.74
1090.37	2169.18
1036.21	2080.21
1030.24	2070.39
1030.01	2070.01
1030	2070
1029.99	2070.01
1029.65	2070.28
1017.59	2079.82
914.2	2161.68
806.001	2247.33
790.788	2259.38
790.031	2259.98
790.001	2260
789.991	2259.95
789.834	2259.05
787.145	2243.59
769.246	2140.67
752.289	2043.16
750.102	2030.58
750.003	2030.03
749.979	2030.01
749.641	2030.14
745.188	2031.85
707.699	2046.27
574.299	2097.58
496.144	2127.64
490.174	2129.93
490.006	2130
489.949	2130
488.932	2129.91
473.801	2128.56
357.215	2118.2
113.808	2096.56
42.5078	2090.22
40.0368	2090
40.002	2090
40.0286	2089.99
41.0603	2089.64
64.5731	2081.55
211.154	2031.17
347.002	1984.47
359.625	1980.13
359.986	1980
360	1980
360.019	1979.99
360.513	1979.77
372.227	1974.54
518.222	1909.3
774.84	1794.65
827.767	1771
829.948	1770.02
829.992	1770
829.883	1769.94
827.384	1768.56
793.93	1750.16
684.748	1690.11
634.472	1662.46
630.244	1660.13
630.014	1660.01
629.997	1659.97
629.879	1659.18
627.916	1645.93
614.214	1553.45
593.817	1415.77
590.102	1390.68
590.003	1390.02
590.007	1390
590.103	1389.93
591.518	1388.99
611.013	1375.99
677.118	1331.92
707.009	1311.99
709.854	1310.1
709.994	1310.01
710.051	1310.01
712.049	1310.24
747.555	1314.33
883.528	1330.02
962.153	1339.09
969.682	1339.96
969.989	1340
969.999	1340
969.98	1339.98
968.585	1338.46
931.405	1297.9
809.879	1165.32
756.733	1107.35
750.36	1100.39
750.014	1100.01
750.001	1100
750	1099.92
750	1097.27
750	1050.3
