750	927.225
750	901.137
750	900.018
750	900
749.999	900
749.788	899.971
737.724	898.307
616.643	881.606
480.01	862.76
460.85	860.117
460.033	860.004
460.003	859.994
460.04	859.872
460.845	857.297
471.44	823.392
499.797	732.649
509.299	702.244
509.971	700.093
509.998	700.004
509.982	699.993
509.372	699.754
492.138	692.983
361.601	641.7
242.898	595.067
230.395	590.155
230.008	590.003
230.001	590
230.011	589.996
230.557	589.807
246.619	584.247
371.762	540.929
479.594	503.602
489.687	500.108
489.988	500.004
490	500
490.016	500.002
490.489	500.07
506.846	502.407
666.802	525.258
821.211	547.316
839.442	549.92
839.989	549.998
840	550
840.003	550.007
840.229	550.458
854.601	579.201
954.097	778.194
1029.09	928.175
1039.47	948.943
1039.98	949.964
1040	949.998
1040.02	949.987
1040.56	949.628
1052.39	941.741
1155.99	872.673
1264.63	800.245
1279.61	790.263
1279.99	790.005
1280	790
1280	790
1280.07	789.975
1285.85	787.785
1372.88	754.857
1581.74	675.828
1647	651.136
1649.91	650.033
1650	650.001
1650	650
1650	650.003
1650.06	650.179
1651.97	656.123
1678.51	738.545
1782.43	1061.21
1837.93	1233.57
1839.99	1239.97
1840	1240
1840	1240
1840	1240
1839.98	1240.03
1838.52	1241.65
1806.32	1277.53
1640.09	1462.76
1500.18	1618.66
1490.08	1629.91
1490	1630
1490	1630
1490	1630
1490	1629.98
1489.84	1628.9
1487.18	1610.28
1473.53	1514.69
1461.24	1428.71
1460.02	1420.11
1460	1420
1460	1420
1459.99	1419.99
1459.83	1419.79
1456.54	1415.77
1414.79	1364.75
1313.84	1241.36
1281.5	1201.84
1280.02	1200.02
1280	1200
1280	1200
1280	1200.06
1279.88	1201.76
1278.01	1229.83
1268.04	1379.39
1260.57	1491.49
1260.01	1499.92
1260	1500
1260	1500
1260	1500.01
1259.86	1500.33
1254.95	1511.94
1206.74	1625.88
1156.19	1745.36
1150.16	1759.62
1150	1759.99
1150	1760
1150	1760
1150.08	1760.1
1155.03	1766.86
1202.72	1831.89
1252.13	1899.27
1259.58	1909.43
1259.98	1909.98
1260	1910
1259.99	1910.04
1259.72	1911.19
1253.99	1936.03
1214.49	2107.23
1175.06	2278.09
1170.15	2299.37
1170	2299.98
1170	2300
1169.99	2299.99
1169.65	2299.43
1159.32	2282.45
1090.63	2169.6
1036.1	2080.01
1030.22	2070.37
1030.01	2070.01
1030	2070
1029.98	2070.02
1029.41	2070.46
1015.43	2081.53
905.248	2168.76
801.076	2251.23
790.249	2259.8
790.003	2260
790	2260
789.999	2259.99
789.936	2259.63
787.83	2247.52
769.916	2144.51
752.205	2042.68
750.084	2030.48
750.002	2030.02
749.991	2030
749.807	2030.07
746.221	2031.45
706.074	2046.89
563.75	2101.63
494.1	2128.42
490.114	2129.96
490.004	2130
489.987	2130
489.417	2129.95
475.925	2128.75
355.504	2118.04
107.551	2096
41.9962	2090.18
40.0357	2090
40.0025	2090
40.0398	2089.99
41.1775	2089.6
66.297	2080.96
222.596	2027.23
351.391	1982.96
359.886	1980.04
359.999	1980
360	1980
360.002	1980
360.159	1979.93
368.6	1976.16
509.606	1913.15
775.006	1794.57
827.825	1770.97
829.937	1770.03
829.988	1770
829.821	1769.9
826.777	1768.23
789.445	1747.7
675.767	1685.17
632.471	1661.36
630.07	1660.04
630.003	1660
629.999	1659.99
629.942	1659.61
628.328	1648.71
614.74	1556.99
593.867	1416.1
590.115	1390.77
590.004	1390.02
590.01	1389.99
590.166	1389.89
592.244	1388.5
615.293	1373.14
683.723	1327.52
708.559	1310.96
709.969	1310.02
709.999	1310
710.017	1310
711.082	1310.12
740.925	1313.57
879.945	1329.61
962.53	1339.14
969.757	1339.97
969.994	1340
970	1340
969.996	1340
969.446	1339.4
941.659	1309.08
819.406	1175.72
758.085	1108.82
750.44	1100.48
750.017	1100.02
750.001	1099.98
750	1099.71
750	1095.24
750	1040.31
