750	927.299
750	901.132
750	900.034
750	900.001
749.996	900
749.795	899.972
738.651	898.435
613.496	881.172
475.842	862.185
460.384	860.053
460.006	860.001
460	859.999
460.007	859.977
460.379	858.786
469.202	830.554
498.836	735.724
509.226	702.477
509.964	700.117
509.998	700.005
509.992	699.997
509.57	699.831
493.92	693.683
362.216	641.942
242.029	594.726
230.326	590.128
230.008	590.003
230	590
230.006	589.998
230.388	589.866
244.923	584.834
370.749	541.279
480.112	503.423
489.735	500.092
489.993	500.002
490	500
490.008	500.001
490.342	500.049
504.971	502.139
664.252	524.894
821.721	547.389
839.51	549.93
839.991	549.999
840	550
840.003	550.005
840.191	550.383
853.548	577.096
953.55	777.101
1029.76	929.521
1039.6	949.193
1039.99	949.98
1040	949.999
1040.01	949.991
1040.5	949.664
1052.68	941.548
1160.43	869.713
1267.94	798.043
1279.81	790.128
1280	790.002
1280	790
1280	790
1280.03	789.988
1284.49	788.301
1368.81	756.396
1581.86	675.784
1647.27	651.034
1649.94	650.022
1650	650
1650	650
1650	650.001
1650.03	650.107
1651.7	655.278
1678.04	737.068
1783.23	1063.71
1838.09	1234.08
1839.99	1239.97
1840	1240
1840	1240
1840	1240
1839.98	1240.02
1838.6	1241.56
1806.16	1277.71
1637.18	1465.99
1499.13	1619.82
1490.06	1629.93
1490	1630
1490	1630
1490	1630
1490	1629.98
1489.84	1628.86
1487	1608.97
1472.64	1508.47
1460.88	1426.15
1460.01	1420.04
1460	1420
1460	1420
1460	1420
1459.9	1419.88
1456.86	1416.16
1413.29	1362.91
1309.63	1236.22
1280.94	1201.15
1280.01	1200.01
1280	1200
1280	1200
1280	1200.04
1279.89	1201.66
1277.94	1230.89
1267.63	1385.6
1260.43	1493.57
1260	1499.97
1260	1500
1260	1500
1260	1500
1259.95	1500.13
1256.24	1508.88
1209.84	1618.55
1157.01	1743.43
1150.23	1759.44
1150.01	1759.98
1150	1760
1150	1760
1150.12	1760.16
1155.51	1767.51
1204.68	1834.57
1253.39	1900.98
1259.77	1909.68
1260	1909.99
1260	1910
1260	1910.01
1259.83	1910.75
1254.7	1932.95
1214.97	2105.13
1174.85	2278.98
1170.13	2299.45
1170	2299.99
1170	2300
1169.99	2299.99
1169.7	2299.51
1159.75	2283.16
1089.7	2168.07
1035.2	2078.54
1030.13	2070.21
1030	2070
1030	2070
1029.99	2070.01
1029.58	2070.34
1016.32	2080.83
901.921	2171.4
798.514	2253.26
790.124	2259.9
790.002	2260
790	2260
790	2260
789.973	2259.85
788.371	2250.63
770.59	2148.39
752.11	2042.13
750.064	2030.37
750.001	2030.01
749.997	2030
749.917	2030.03
747.217	2031.07
705.592	2047.08
554.549	2105.17
492.701	2128.96
490.07	2129.97
490.002	2130
489.999	2130
489.914	2129.99
483.362	2129.41
378.464	2120.09
118.362	2096.97
43.6967	2090.33
40.1804	2090.02
40.0092	2090
40.0281	2089.99
41.0043	2089.65
65.1798	2081.34
221.909	2027.47
351.381	1982.96
359.868	1980.05
359.998	1980
360	1980
360.004	1980
360.196	1979.91
368.925	1976.01
512.103	1912.04
777.751	1793.35
828.166	1770.82
829.956	1770.02
829.989	1770
829.805	1769.89
826.441	1768.04
786.242	1745.93
670.065	1682.04
631.584	1660.87
630.029	1660.02
630.001	1660
629.999	1659.99
629.952	1659.68
628.379	1649.06
614.125	1552.84
593.206	1411.64
590.064	1390.43
590.001	1390.01
590.003	1390
590.076	1389.95
591.883	1388.74
616.851	1372.1
688.726	1324.18
709.187	1310.54
709.975	1310.02
709.999	1310
710.002	1310
710.312	1310.04
731.026	1312.43
868.425	1328.28
960.712	1338.93
969.628	1339.96
969.988	1340
970	1340
969.994	1339.99
969.528	1339.49
943.719	1311.33
819.771	1176.11
757.004	1107.64
750.245	1100.27
750.005	1100
750	1100
750	1099.88
750	1096.71
750	1045.31
