641.286	1641.9
649.442	1615.83
656.449	1589.12
662.259	1561.85
666.84	1534.09
670.169	1505.93
672.238	1477.41
673.047	1448.57
672.61	1419.41
670.95	1389.93
668.103	1360.14
664.119	1330.01
659.064	1299.55
653.02	1268.77
646.088	1237.71
638.39	1206.43
630.066	1175.04
621.27	1143.67
612.168	1112.48
602.934	1081.67
593.74	1051.44
584.749	1021.99
576.11	993.531
567.954	966.251
560.385	940.318
553.482	915.873
547.295	893.021
541.847	871.836
537.138	852.357
533.148	834.588
529.839	818.507
527.164	804.064
525.069	791.191
523.497	779.802
522.395	769.799
521.713	761.079
521.411	753.537
521.457	747.067
521.829	741.567
522.519	736.944
523.527	733.109
524.87	729.987
526.572	727.513
528.674	725.633
531.227	724.305
534.293	723.502
537.947	723.206
542.274	723.413
547.369	724.129
553.331	725.368
560.263	727.155
568.269	729.518
577.444	732.487
587.871	736.094
599.615	740.364
612.715	745.315
627.18	750.953
642.983	757.268
660.058	764.233
678.3	771.803
697.567	779.912
717.686	788.48
738.458	797.41
759.664	806.598
781.081	815.931
802.488	825.299
823.676	834.595
844.458	843.721
864.676	852.593
884.205	861.143
902.957	869.317
920.881	877.085
937.962	884.431
954.223	891.358
969.713	897.888
984.508	904.057
998.706	909.914
1012.42	915.523
1025.77	920.958
1038.88	926.307
1051.87	931.662
1064.86	937.129
1077.95	942.817
1091.23	948.842
1104.75	955.322
1118.57	962.377
1132.69	970.121
1147.1	978.662
1161.77	988.094
1176.62	998.492
1191.57	1009.91
1206.53	1022.36
1221.38	1035.85
1236.01	1050.32
1250.32	1065.69
1264.19	1081.86
1277.55	1098.68
1290.31	1115.99
1302.42	1133.65
1313.84	1151.46
1324.55	1169.28
1334.55	1186.95
1343.83	1204.34
1352.41	1221.36
1360.31	1237.9
1367.55	1253.9
1374.15	1269.32
1380.13	1284.12
1385.51	1298.3
1390.32	1311.84
1394.57	1324.77
1398.28	1337.1
1401.47	1348.88
1404.17	1360.14
1406.39	1370.94
1408.14	1381.36
1409.45	1391.46
1410.31	1401.32
1410.74	1411.02
1410.74	1420.65
1410.31	1430.28
1409.43	1440
1408.09	1449.86
1406.28	1459.91
1403.97	1470.22
1401.13	1480.8
1397.75	1491.67
1393.78	1502.86
1389.21	1514.35
1384.02	1526.14
1378.2	1538.2
1371.74	1550.52
1364.64	1563.07
1356.94	1575.8
1348.65	1588.7
1339.83	1601.71
1330.53	1614.81
1320.82	1627.96
1310.77	1641.13
1300.47	1654.28
1290	1667.39
1279.45	1680.45
1268.9	1693.43
1258.42	1706.34
1248.07	1719.19
1237.92	1731.99
1227.99	1744.77
1218.33	1757.56
1208.95	1770.41
1199.85	1783.36
1191.06	1796.45
1182.56	1809.74
1174.36	1823.27
1166.46	1837.06
1158.85	1851.15
1151.55	1865.54
1144.55	1880.25
1137.84	1895.26
1131.42	1910.55
1125.28	1926.1
1119.4	1941.87
1113.76	1957.8
1108.31	1973.84
1103	1989.9
1097.77	2005.91
1092.53	2021.75
1087.2	2037.33
1081.66	2052.51
1075.79	2067.18
1069.46	2081.18
1062.53	2094.39
1054.85	2106.67
1046.3	2117.88
1036.72	2127.9
1026	2136.64
1014.02	2144
1000.68	2149.93
985.906	2154.37
969.651	2157.31
951.885	2158.76
932.609	2158.76
911.849	2157.36
889.664	2154.64
866.139	2150.69
841.387	2145.64
815.549	2139.6
788.79	2132.72
761.298	2125.15
733.282	2117.03
704.967	2108.53
676.591	2099.78
648.401	2090.93
620.645	2082.11
593.573	2073.44
567.422	2065.01
542.419	2056.92
518.77	2049.23
496.66	2041.96
476.244	2035.14
457.652	2028.77
440.982	2022.81
426.305	2017.22
413.667	2011.93
403.087	2006.88
394.565	2001.96
388.083	1997.11
383.607	1992.21
381.089	1987.19
380.47	1981.96
381.68	1976.43
384.637	1970.53
389.251	1964.19
395.421	1957.35
403.037	1949.95
411.982	1941.94
422.128	1933.26
433.342	1923.86
445.485	1913.7
458.413	1902.72
471.978	1890.87
486.032	1878.1
500.424	1864.35
515.006	1849.58
529.631	1833.74
544.154	1816.8
558.437	1798.73
572.345	1779.52
585.749	1759.18
598.529	1737.72
610.572	1715.2
621.773	1691.67
632.039	1667.21
