750	928.022
750	901.159
750	900.034
750	900.001
749.997	900
749.826	899.976
739.434	898.543
613.093	881.116
474.431	861.99
460.277	860.038
460.004	860
460	860
460.003	859.989
460.256	859.181
468.233	833.654
498.307	737.418
509.192	702.586
509.964	700.116
509.998	700.005
509.995	699.998
509.643	699.86
494.772	694.018
363.744	642.542
242.368	594.859
230.353	590.139
230.009	590.003
230	590
230.008	589.997
230.439	589.848
245.634	584.588
373.836	540.211
481.47	502.953
489.844	500.054
489.998	500.001
490	500
490.003	500
490.252	500.036
503.891	501.984
664.619	524.946
823.395	547.628
839.647	549.95
839.995	549.999
840	550
840.002	550.004
840.148	550.296
852.179	574.358
952.811	775.622
1030.65	931.303
1039.73	949.457
1040	949.992
1040	950
1040.01	949.996
1040.35	949.766
1051.78	942.147
1161.45	869.031
1269.49	797.004
1279.87	790.088
1280	790.001
1280	790
1280	790
1280.02	789.993
1283.75	788.58
1366.67	757.206
1583.03	675.34
1647.67	650.883
1649.97	650.012
1650	650
1650	650
1650	650
1650.02	650.055
1651.41	654.387
1677.37	734.99
1783.74	1065.3
1838.23	1234.49
1839.99	1239.97
1840	1240
1840	1240
1840	1240
1839.98	1240.02
1838.69	1241.46
1806.14	1277.73
1634.94	1468.49
1498.3	1620.75
1490.04	1629.95
1490	1630
1490	1630
1490	1630
1490	1629.98
1489.85	1628.92
1486.95	1608.65
1472.29	1506
1460.75	1425.25
1460	1420.02
1460	1420
1460	1420
1460	1420
1459.88	1419.86
1456.52	1415.75
1409.59	1358.39
1304.49	1229.94
1280.48	1200.58
1280	1200
1280	1200
1280	1200
1280	1200.02
1279.9	1201.45
1277.92	1231.15
1267.33	1390.03
1260.34	1494.95
1260	1499.98
1260	1500
1260	1500
1260	1500
1259.94	1500.14
1256.37	1508.57
1208.31	1622.17
1155.36	1747.34
1150.09	1759.79
1150	1760
1150	1760
1150	1760
1150.05	1760.07
1154.22	1765.75
1203.16	1832.49
1253.89	1901.67
1259.85	1909.79
1260	1910
1260	1910
1260	1910
1259.9	1910.44
1255.33	1930.24
1214.87	2105.58
1174.26	2281.53
1170.08	2299.64
1170	2299.99
1170	2300
1170	2300
1169.83	2299.72
1161.3	2285.7
1091.08	2170.34
1035.02	2078.24
1030.11	2070.18
1030	2070
1030	2070
1030	2070
1029.73	2070.21
1017.84	2079.63
903.437	2170.2
798.416	2253.34
790.136	2259.89
790.003	2260
790	2260
789.999	2260
789.969	2259.82
788.33	2250.4
769.995	2144.97
751.703	2039.79
750.03	2030.17
750	2030
749.999	2030
749.971	2030.01
748.442	2030.6
711.265	2044.9
555.097	2104.96
492.696	2128.96
490.076	2129.97
490.002	2130
489.995	2130
489.84	2129.99
484.341	2129.5
380.951	2120.31
110.132	2096.23
42.1987	2090.2
40.0389	2090
40.0009	2090
40.0044	2090
40.4286	2089.85
59.8358	2083.18
215.014	2029.84
350.249	1983.35
359.791	1980.07
359.995	1980
360	1980
360.009	1980
360.349	1979.84
371.356	1974.93
528.11	1904.89
791.205	1787.33
829.352	1770.29
829.995	1770
829.999	1770
829.974	1769.99
828.403	1769.12
792.725	1749.5
670.546	1682.3
631.786	1660.98
630.065	1660.04
630.002	1660
630	1660
629.987	1659.91
629.025	1653.42
615.787	1564.06
593.706	1415.02
590.131	1390.88
590.006	1390.04
590.002	1390
590.058	1389.96
591.742	1388.84
617.657	1371.56
691.257	1322.5
709.471	1310.35
709.99	1310.01
710	1310
710	1310
710.079	1310.01
722.18	1311.41
848.926	1326.03
955.767	1338.36
969.158	1339.9
969.963	1340
969.999	1340
969.994	1339.99
969.555	1339.51
944.334	1312
819.054	1175.33
756.182	1106.74
750.156	1100.17
750.002	1100
750	1100
750	1099.93
750	1097.53
750	1049.29
