750	924.986
750	900.674
750	900.009
750	900
749.999	900
749.898	899.986
741.002	898.759
614.804	881.352
473.608	861.877
460.217	860.03
460.002	860
460	860
460.005	859.986
460.239	859.236
468.086	834.126
498.989	735.235
509.425	701.841
509.985	700.048
510	700.001
509.998	699.999
509.762	699.907
496.308	694.621
364.987	643.031
241.878	594.666
230.283	590.111
230.005	590.002
230	590
230.005	589.998
230.354	589.877
244.982	584.814
375.07	539.784
482.511	502.592
489.904	500.033
489.999	500
490	500
490.001	500
490.163	500.023
502.329	501.761
663.452	524.78
824.563	547.795
839.736	549.962
839.997	550
840	550
840.002	550.003
840.123	550.246
851.174	572.348
952.845	775.689
1031.8	933.591
1039.85	949.691
1040	949.998
1040	950
1040	949.998
1040.22	949.853
1050.65	942.902
1162.24	868.505
1270.99	796.004
1279.92	790.056
1280	790
1280	790
1280	790
1280.01	789.996
1283.06	788.842
1364.38	758.073
1583.93	675
1647.98	650.765
1649.98	650.007
1650	650
1650	650
1650	650
1650.01	650.029
1651.19	653.705
1676.78	733.171
1784.16	1066.59
1838.34	1234.86
1839.99	1239.97
1840	1240
1840	1240
1840	1240
1839.99	1240.01
1838.75	1241.39
1805.87	1278.03
1631.87	1471.92
1497.26	1621.92
1490.03	1629.97
1490	1630
1490	1630
1490	1630
1489.99	1629.94
1489.72	1628.05
1485.75	1600.23
1469.29	1485.03
1460.27	1421.87
1460	1420
1460	1420
1460	1420
1460	1420
1459.87	1419.84
1456.03	1415.15
1405.14	1352.95
1299.63	1224
1280.21	1200.25
1280	1200
1280	1200
1280	1200
1280	1200.01
1279.92	1201.2
1277.96	1230.61
1267.22	1391.74
1260.3	1495.52
1260	1499.99
1260	1500
1260	1500
1260	1500
1259.96	1500.1
1256.69	1507.82
1208.65	1621.37
1155.14	1747.85
1150.08	1759.82
1150	1760
1150	1760
1150	1760
1150.06	1760.08
1154.24	1765.78
1204.47	1834.27
1254.98	1903.15
1259.93	1909.9
1260	1910
1260	1910
1260	1910
1259.95	1910.21
1256.15	1926.7
1215.84	2101.35
1174.2	2281.79
1170.08	2299.67
1170	2300
1170	2300
1170	2300
1169.87	2299.78
1161.82	2286.57
1091.25	2170.62
1034.76	2077.82
1030.09	2070.15
1030	2070
1030	2070
1030	2070
1029.79	2070.17
1018.61	2079.01
903.865	2169.86
798.083	2253.6
790.117	2259.91
790.002	2260
790	2260
790	2260
789.972	2259.84
788.362	2250.58
769.699	2143.27
751.475	2038.48
750.018	2030.1
750	2030
749.999	2030
749.97	2030.01
748.635	2030.53
711.539	2044.79
549.699	2107.04
491.89	2129.27
490.034	2129.99
490.001	2130
489.998	2130
489.861	2129.99
484.056	2129.47
374.308	2119.72
99.7251	2095.31
41.1749	2090.1
40.009	2090
40.0001	2090
40.0013	2090
40.238	2089.92
57.016	2084.15
212.103	2030.84
350.204	1983.37
359.801	1980.07
359.996	1980
360	1980
360.006	1980
360.304	1979.86
371.403	1974.91
532.431	1902.96
795.534	1785.4
829.574	1770.19
829.997	1770
830	1770
829.991	1769.99
828.991	1769.45
796.698	1751.68
672.071	1683.14
631.682	1660.93
630.032	1660.02
630	1660
630	1660
629.998	1659.98
629.663	1657.72
619.191	1587.04
595.096	1424.39
590.261	1391.76
590.01	1390.07
590.001	1390
590.026	1389.98
591.245	1389.17
615.354	1373.1
689.905	1323.4
709.318	1310.45
709.982	1310.01
710	1310
710.001	1310
710.084	1310.01
720.789	1311.24
845.445	1325.63
955.885	1338.37
969.369	1339.93
969.986	1340
969.999	1340
969.987	1339.99
969.393	1339.34
943.392	1310.97
812.736	1168.44
753.797	1104.14
750.054	1100.06
750.001	1100
750	1100
750	1099.95
750	1097.81
750	1049.32
