750	928.101
750	900.934
750	900.021
750	900
749.999	900
749.913	899.988
741.389	898.812
614.533	881.315
472.851	861.773
460.173	860.024
460.001	860
460	860
460.005	859.985
460.239	859.236
468.182	833.816
499.764	732.756
509.598	701.288
509.993	700.021
510	700
509.998	699.999
509.823	699.931
497.258	694.994
364.022	642.652
240.253	594.028
230.142	590.056
230.001	590
230	590
230.001	590
230.18	589.938
243.002	585.499
374.535	539.969
483.281	502.326
489.929	500.025
489.999	500
490	500
490.001	500
490.097	500.014
500.779	501.54
662.566	524.653
825.986	547.998
839.822	549.975
839.999	550
840	550
840.001	550.002
840.086	550.173
849.996	569.992
952.66	775.32
1032.87	935.738
1039.92	949.834
1040	949.999
1040	950
1040	950
1040.12	949.922
1049.23	943.846
1161.6	868.933
1271.77	795.486
1279.93	790.045
1280	790
1280	790
1280	790
1280.01	789.998
1282.65	788.995
1363.03	758.583
1584.9	674.632
1648.24	650.666
1649.99	650.004
1650	650
1650	650
1650	650
1650.01	650.017
1651.03	653.21
1676.45	732.126
1785.1	1069.53
1838.56	1235.52
1840	1239.99
1840	1240
1840	1240
1840	1240
1839.99	1240.01
1838.89	1241.24
1805.85	1278.05
1628.28	1475.91
1496.02	1623.29
1490.01	1629.99
1490	1630
1490	1630
1490	1630
1490	1629.97
1489.77	1628.39
1485.87	1601.07
1469.34	1485.4
1460.27	1421.9
1460	1420
1460	1420
1460	1420
1460	1420
1459.84	1419.81
1455.48	1414.48
1400.83	1347.69
1295.54	1219
1280.08	1200.1
1280	1200
1280	1200
1280	1200
1280	1200
1279.93	1200.98
1277.98	1230.24
1267.05	1394.24
1260.25	1496.26
1260	1499.99
1260	1500
1260	1500
1260	1500
1259.98	1500.05
1257.22	1506.57
1209.74	1618.79
1155.2	1747.71
1150.08	1759.81
1150	1760
1150	1760
1150	1760
1150.05	1760.07
1154.11	1765.61
1204.42	1834.21
1255.1	1903.32
1259.94	1909.91
1260	1910
1260	1910
1260	1910
1259.96	1910.19
1256.25	1926.26
1215.82	2101.44
1174.08	2282.31
1170.07	2299.71
1170	2300
1170	2300
1170	2300
1169.88	2299.8
1162	2286.85
1090.98	2170.17
1034.47	2077.34
1030.07	2070.11
1030	2070
1030	2070
1030	2070
1029.84	2070.13
1019.25	2078.51
904.045	2169.71
797.717	2253.89
790.096	2259.92
790.001	2260
790	2260
789.997	2259.99
789.927	2259.58
787.856	2247.67
767.79	2132.29
750.95	2035.46
750.006	2030.04
750	2030
749.999	2030
749.96	2030.02
748.302	2030.65
707.296	2046.42
541.541	2110.18
491.023	2129.61
490.007	2130
490	2130
489.999	2130
489.902	2129.99
484.24	2129.49
370.856	2119.41
93.6928	2094.77
40.7671	2090.07
40.0039	2090
40.0001	2090
40.001	2090
40.1695	2089.94
55.5233	2084.66
211.469	2031.06
350.79	1983.17
359.857	1980.05
359.999	1980
360	1980
360.003	1980
360.228	1979.9
371.022	1975.08
536.141	1901.3
799.818	1783.49
829.748	1770.11
829.999	1770
830	1770
829.991	1770
829.188	1769.55
797.634	1752.2
668.77	1681.32
631.112	1660.61
630.015	1660.01
630	1660
630	1660
629.999	1659.99
629.791	1658.59
620.257	1594.24
595.345	1426.08
590.244	1391.65
590.007	1390.05
590.001	1390
590.026	1389.98
591.231	1389.18
616.621	1372.25
693.049	1321.3
709.669	1310.22
709.997	1310
710	1310
710	1310
710.041	1310
718.78	1311.01
842.261	1325.26
956.21	1338.41
969.505	1339.94
969.993	1340
970	1340
969.994	1339.99
969.533	1339.49
944.864	1312.58
812.653	1168.35
753.322	1103.62
750.035	1100.04
750	1100
750	1100
750	1099.99
750	1098.85
750	1056.78
