750	926.815
750	900.683
750	900.009
750	900
749.999	900
749.934	899.991
742.051	898.904
613.746	881.206
471.278	861.556
460.094	860.013
460	860
460	860
460.002	859.994
460.17	859.457
467.774	835.124
500.504	730.388
509.749	700.803
509.998	700.008
510	700
510	700
509.91	699.965
498.999	695.678
365.891	643.385
240.007	593.931
230.123	590.048
230.001	590
230	590
230.001	590
230.144	589.95
242.405	585.706
374.783	539.883
483.755	502.162
489.948	500.018
490	500
490	500
490	500
490.079	500.011
500.173	501.453
663.299	524.758
827.383	548.198
839.89	549.984
840	550
840	550
840	550.001
840.054	550.108
848.936	567.873
951.825	773.65
1033.29	936.571
1039.94	949.875
1040	949.999
1040	950
1040	950
1040.09	949.941
1048.78	944.149
1162.83	868.114
1272.86	794.758
1279.96	790.028
1280	790
1280	790
1280	790
1280	789.999
1282.24	789.153
1361.19	759.279
1584.62	674.737
1648.27	650.655
1649.99	650.004
1650	650
1650	650
1650	650
1650	650.015
1651	653.113
1676.39	731.943
1785.31	1070.17
1838.6	1235.66
1840	1239.99
1840	1240
1840	1240
1840	1240
1839.99	1240.01
1838.91	1241.21
1805.73	1278.19
1626.67	1477.71
1495.47	1623.9
1490.01	1629.99
1490	1630
1490	1630
1490	1630
1489.99	1629.96
1489.71	1628
1485	1594.99
1467.15	1470.03
1460.08	1420.59
1460	1420
1460	1420
1460	1420
1460	1420
1459.88	1419.85
1455.58	1414.6
1400.43	1347.19
1295.03	1218.38
1280.07	1200.08
1280	1200
1280	1200
1280	1200
1280	1200
1279.94	1200.97
1277.96	1230.61
1266.88	1396.84
1260.21	1496.92
1260	1500
1260	1500
1260	1500
1260	1500
1259.99	1500.03
1257.62	1505.63
1210.24	1617.6
1154.9	1748.41
1150.06	1759.86
1150	1760
1150	1760
1150	1760
1150.04	1760.06
1153.93	1765.36
1205.15	1835.21
1255.88	1904.39
1259.97	1909.96
1260	1910
1260	1910
1260	1910
1259.98	1910.09
1256.87	1923.57
1216.57	2098.21
1173.99	2282.72
1170.06	2299.76
1170	2300
1170	2300
1170	2300
1169.9	2299.84
1162.23	2287.24
1089.99	2168.56
1033.73	2076.12
1030.03	2070.05
1030	2070
1030	2070
1030	2070
1029.92	2070.06
1021.03	2077.1
905.996	2168.17
797.461	2254.09
790.079	2259.94
790.001	2260
790	2260
789.999	2259.99
789.925	2259.57
787.592	2246.15
766.39	2124.24
750.647	2033.72
750.003	2030.02
750	2030
749.999	2030
749.959	2030.02
748.063	2030.74
703.261	2047.98
533.974	2113.09
490.501	2129.81
490.001	2130
490	2130
490	2130
489.949	2130
484.99	2129.55
372.088	2119.52
92.6732	2094.68
40.6934	2090.06
40.0032	2090
40	2090
40.0008	2090
40.1516	2089.95
55.1564	2084.79
211.486	2031.05
351.014	1983.09
359.873	1980.04
359.999	1980
360	1980
360.002	1980
360.211	1979.91
370.979	1975.09
538.016	1900.46
801.65	1782.67
829.807	1770.09
829.999	1770
830	1770
829.996	1770
829.383	1769.66
799.489	1753.22
669.394	1681.67
631.069	1660.59
630.011	1660.01
630	1660
630	1660
630	1660
629.891	1659.26
621.604	1603.32
595.903	1429.85
590.273	1391.84
590.007	1390.05
590.001	1390
590.028	1389.98
591.325	1389.12
618.555	1370.96
696.14	1319.24
709.856	1310.1
709.999	1310
710	1310
710	1310
710.017	1310
717.038	1310.81
838.819	1324.86
956.109	1338.4
969.549	1339.95
969.994	1340
970	1340
969.995	1339.99
969.587	1339.55
945.522	1313.3
812.538	1168.22
753.074	1103.35
750.025	1100.03
750	1100
750	1100
750	1099.99
750	1099.04
750	1058.27
