750	926.559
750	900.597
750	900.006
750	900
750	900
749.946	899.993
742.363	898.947
613.624	881.189
470.782	861.487
460.075	860.01
460	860
460	860
460.002	859.993
460.175	859.439
468.04	834.272
501.51	727.167
509.857	700.459
509.999	700.002
510	700
510	700
509.948	699.98
500.236	696.164
366.488	643.62
239.216	593.621
230.08	590.031
230	590
230	590
230	590
230.087	589.97
241.172	586.133
373.592	540.295
483.875	502.12
489.953	500.016
490	500
490	500
490	500
490.063	500.009
499.711	501.387
662.851	524.694
827.622	548.232
839.9	549.986
840	550
840	550
840	550.001
840.054	550.109
848.875	567.75
952.861	775.722
1034.12	938.246
1039.97	949.934
1040	950
1040	950
1040	950
1040.05	949.968
1047.78	944.816
1162.1	868.6
1273.26	794.493
1279.97	790.023
1280	790
1280	790
1280	790
1280	790
1281.57	789.404
1356.19	761.17
1583.1	675.314
1648.25	650.661
1649.99	650.004
1650	650
1650	650
1650	650
1650	650.01
1650.93	652.88
1676.24	731.486
1785.76	1071.56
1838.71	1236
1840	1239.99
1840	1240
1840	1240
1840	1240
1840	1240.01
1839	1241.12
1806.06	1277.82
1626.8	1477.57
1495.48	1623.89
1490.01	1629.99
1490	1630
1490	1630
1490	1630
1489.99	1629.96
1489.7	1627.92
1484.85	1593.95
1466.78	1467.45
1460.06	1420.45
1460	1420
1460	1420
1460	1420
1460	1420
1459.88	1419.85
1455.53	1414.53
1399.62	1346.2
1294.19	1217.35
1280.05	1200.06
1280	1200
1280	1200
1280	1200
1280	1200
1279.94	1200.92
1277.97	1230.45
1266.86	1397.04
1260.2	1497
1260	1500
1260	1500
1260	1500
1260	1500
1259.99	1500.03
1257.61	1505.64
1209.8	1618.65
1154.53	1749.3
1150.04	1759.91
1150	1760
1150	1760
1150	1760
1150.03	1760.04
1153.7	1765.05
1205.35	1835.47
1256.26	1904.9
1259.98	1909.97
1260	1910
1260	1910
1260	1910
1259.98	1910.07
1257.06	1922.75
1215.91	2101.07
1173.24	2285.94
1170.02	2299.91
1170	2300
1170	2300
1170	2300
1169.96	2299.94
1163.62	2289.53
1090.69	2169.71
1033.27	2075.36
1030.02	2070.03
1030	2070
1030	2070
1030	2070
1029.97	2070.03
1022.53	2075.91
907.843	2166.71
797.223	2254.28
790.064	2259.95
790	2260
790	2260
789.999	2260
789.942	2259.66
787.651	2246.49
766.133	2122.76
750.586	2033.37
750.003	2030.02
750	2030
749.999	2030
749.954	2030.02
747.834	2030.83
699.839	2049.29
528.18	2115.32
490.255	2129.9
490	2130
490	2130
490	2130
489.966	2130
485.371	2129.59
370.674	2119.39
88.7448	2094.33
40.4745	2090.04
40.0012	2090
40	2090
40.0004	2090
40.1109	2089.96
54.2269	2085.11
212.209	2030.8
352.005	1982.75
359.93	1980.02
360	1980
360	1980
360.001	1980
360.129	1979.94
370.264	1975.41
542.597	1898.41
806.903	1780.32
829.925	1770.03
830	1770
830	1770
830	1770
829.788	1769.88
805.505	1756.53
673.158	1683.74
631.306	1660.72
630.017	1660.01
630	1660
630	1660
630	1660
629.92	1659.46
622.175	1607.18
596.067	1430.95
590.261	1391.76
590.006	1390.04
590	1390
590.024	1389.98
591.302	1389.13
619.589	1370.27
697.993	1318
709.92	1310.05
710	1310
710	1310
710	1310
710.013	1310
716.149	1310.71
838.013	1324.77
957.288	1338.53
969.729	1339.97
969.999	1340
970	1340
969.999	1340
969.758	1339.74
948.039	1316.04
814.165	1170
753.083	1103.36
750.025	1100.03
750	1100
750	1100
750	1099.99
750	1099.19
750	1059.64
