750	925.578
750	900.454
750	900.003
750	900
750	900
749.96	899.995
742.771	899.003
613.482	881.17
470.15	861.4
460.054	860.007
460	860
460	860
460.001	859.995
460.154	859.508
468.073	834.167
502.334	724.53
509.919	700.259
510	700.001
510	700
510	700
509.973	699.989
501.405	696.623
367.504	644.019
238.78	593.449
230.06	590.024
230	590
230	590
230	590
230.064	589.978
240.553	586.347
373.899	540.189
484.45	501.921
489.973	500.009
490	500
490	500
490	500
490.038	500.005
498.813	501.259
662.514	524.646
828.527	548.361
839.934	549.991
840	550
840	550
840	550
840.037	550.073
848.218	566.437
953.01	776.02
1034.79	939.589
1039.98	949.965
1040	950
1040	950
1040	950
1040.02	949.985
1046.76	945.49
1160.44	869.705
1273.16	794.558
1279.96	790.024
1280	790
1280	790
1280	790
1280	790
1280.84	789.68
1347.72	764.375
1579.83	676.551
1648.13	650.709
1649.99	650.005
1650	650
1650	650
1650	650
1650	650.007
1650.87	652.688
1676.08	730.975
1785.84	1071.82
1838.74	1236.09
1840	1239.99
1840	1240
1840	1240
1840	1240
1840	1240
1839.02	1241.09
1806.09	1277.78
1626.46	1477.94
1495.35	1624.04
1490.01	1629.99
1490	1630
1490	1630
1490	1630
1489.99	1629.96
1489.7	1627.91
1484.74	1593.15
1466.46	1465.21
1460.05	1420.35
1460	1420
1460	1420
1460	1420
1460	1420
1459.88	1419.86
1455.48	1414.47
1398.75	1345.14
1293.22	1216.15
1280.04	1200.04
1280	1200
1280	1200
1280	1200
1280	1200
1279.94	1200.86
1277.98	1230.25
1266.85	1397.19
1260.2	1497.06
1260	1500
1260	1500
1260	1500
1260	1500
1259.99	1500.03
1257.63	1505.6
1209.58	1619.17
1154.31	1749.8
1150.03	1759.93
1150	1760
1150	1760
1150	1760
1150.02	1760.03
1153.54	1764.83
1205.29	1835.39
1256.4	1905.08
1259.98	1909.98
1260	1910
1260	1910
1260	1910
1259.99	1910.06
1257.13	1922.42
1215.56	2102.57
1172.91	2287.4
1170.01	2299.95
1170	2300
1170	2300
1170	2300
1169.98	2299.96
1164.24	2290.54
1090.89	2170.04
1032.98	2074.9
1030.01	2070.02
1030	2070
1030	2070
1030	2070
1029.98	2070.02
1023.28	2075.32
908.493	2166.19
796.886	2254.55
790.048	2259.96
790	2260
790	2260
789.999	2260
789.934	2259.62
787.261	2244.25
764.113	2111.15
750.287	2031.65
750.001	2030
750	2030
750	2030
749.971	2030.01
747.825	2030.84
695.983	2050.78
520.975	2118.09
490.086	2129.97
490	2130
490	2130
490	2130
489.987	2130
486.152	2129.66
371.619	2119.48
86.9057	2094.17
40.3833	2090.03
40.0008	2090
40	2090
40.0002	2090
40.0874	2089.97
53.5924	2085.33
211.708	2030.98
352.11	1982.71
359.936	1980.02
360	1980
360	1980
360	1980
360.115	1979.95
370.068	1975.5
542.766	1898.34
807.355	1780.12
829.932	1770.03
830	1770
830	1770
830	1770
829.807	1769.89
805.874	1756.73
672.695	1683.48
631.106	1660.61
630.007	1660
630	1660
630	1660
630	1660
629.963	1659.75
623.361	1615.19
596.419	1433.33
590.239	1391.62
590.003	1390.02
590	1390
590.013	1389.99
591.088	1389.27
619.359	1370.43
698.863	1317.42
709.932	1310.05
709.999	1310
710	1310
710	1310
710.008	1310
715.478	1310.63
836.702	1324.62
957.407	1338.55
969.756	1339.97
969.999	1340
970	1340
969.999	1340
969.784	1339.76
948.494	1316.54
814.222	1170.06
752.967	1103.24
750.02	1100.02
750	1100
750	1100
750	1099.99
750	1099.3
750	1060.38
