750	926.311
750	900.465
750	900.003
750	900
750	900
749.962	899.995
742.824	899.01
612.674	881.058
469.421	861.299
460.035	860.005
460	860
460	860
460	859.998
460.11	859.649
467.752	835.192
502.624	723.604
509.936	700.206
510	700.001
510	700
510	700
509.982	699.993
502.002	696.858
367.996	644.213
238.525	593.349
230.05	590.02
230	590
230	590
230	590
230.051	589.982
240.164	586.482
373.579	540.3
484.512	501.9
489.975	500.009
490	500
490	500
490	500
490.035	500.005
498.73	501.247
663.158	524.737
829.153	548.451
839.952	549.993
840	550
840	550
840	550
840.028	550.055
847.832	565.665
953.218	776.437
1035.25	940.494
1039.99	949.978
1040	950
1040	950
1040	950
1040.01	949.991
1046.12	945.92
1159.39	870.404
1273.13	794.581
1279.97	790.023
1280	790
1280	790
1280	790
1280	790
1280.47	789.821
1341.21	766.841
1577.7	677.357
1648.18	650.689
1649.99	650.003
1650	650
1650	650
1650	650
1650	650.004
1650.77	652.393
1675.87	730.321
1786.26	1073.11
1838.86	1236.45
1840	1240
1840	1240
1840	1240
1840	1240
1840	1240
1839.11	1240.99
1806.31	1277.55
1625.65	1478.84
1494.96	1624.47
1490.01	1629.99
1490	1630
1490	1630
1490	1630
1490	1629.98
1489.72	1628.02
1484.64	1592.51
1466.1	1462.73
1460.04	1420.25
1460	1420
1460	1420
1460	1420
1460	1420
1459.89	1419.87
1455.48	1414.48
1398.53	1344.87
1292.94	1215.82
1280.03	1200.04
1280	1200
1280	1200
1280	1200
1280	1200
1279.94	1200.84
1277.98	1230.24
1266.83	1397.54
1260.19	1497.17
1260	1500
1260	1500
1260	1500
1260	1500
1259.99	1500.02
1257.71	1505.41
1209.58	1619.18
1154.18	1750.12
1150.03	1759.94
1150	1760
1150	1760
1150	1760
1150.02	1760.03
1153.46	1764.71
1205.59	1835.8
1256.71	1905.52
1259.99	1909.99
1260	1910
1260	1910
1260	1910
1259.99	1910.04
1257.38	1921.36
1215.71	2101.94
1172.78	2287.97
1170.01	2299.96
1170	2300
1170	2300
1170	2300
1169.98	2299.97
1164.5	2290.97
1090.66	2169.65
1032.68	2074.41
1030.01	2070.01
1030	2070
1030	2070
1030	2070
1029.99	2070.01
1023.96	2074.78
908.925	2165.85
796.47	2254.88
790.032	2259.97
790	2260
790	2260
790	2260
789.942	2259.67
787.077	2243.19
762.689	2102.96
750.154	2030.88
750	2030
750	2030
750	2030
749.984	2030.01
747.976	2030.78
694.809	2051.23
518.226	2119.14
490.051	2129.98
490	2130
490	2130
490	2130
489.992	2130
486.468	2129.69
371.978	2119.51
86.082	2094.1
40.3446	2090.03
40.0006	2090
40	2090
40.0002	2090
40.0797	2089.97
53.3891	2085.4
212.194	2030.81
352.546	1982.56
359.954	1980.02
360	1980
360	1980
360	1980
360.083	1979.96
369.556	1975.73
542.855	1898.3
808.157	1779.76
829.943	1770.03
830	1770
830	1770
829.999	1770
829.819	1769.9
806.261	1756.94
671.683	1682.93
630.914	1660.5
630.004	1660
630	1660
630	1660
630	1660
629.952	1659.68
623.149	1613.76
595.939	1430.09
590.152	1391.02
590.001	1390.01
590	1390
590.003	1390
590.713	1389.52
617.619	1371.59
698.759	1317.49
709.918	1310.05
709.999	1310
710	1310
710	1310
710.007	1310
715.244	1310.61
836.986	1324.65
958.318	1338.65
969.845	1339.98
970	1340
970	1340
970	1340
969.863	1339.85
950.09	1318.28
814.903	1170.8
752.813	1103.07
750.014	1100.02
750	1100
750	1100
750	1100
750	1099.54
750	1063.11
