750	926.564
750	900.45
750	900.003
750	900
750	900
749.964	899.995
742.803	899.007
610.822	880.803
467.923	861.093
460.011	860.002
460	860
460	860
460	860
460.038	859.877
466.663	838.678
502.433	724.215
509.93	700.224
510	700.001
510	700
510	700
509.991	699.996
503.132	697.302
370.702	645.276
238.871	593.485
230.062	590.024
230	590
230	590
230	590
230.053	589.982
240.237	586.456
374.467	539.992
485.023	501.723
489.987	500.005
490	500
490	500
490	500
490.02	500.003
497.989	501.141
662.881	524.698
829.872	548.553
839.97	549.996
840	550
840	550
840	550
840.017	550.034
847.276	564.553
952.953	775.905
1035.49	940.98
1039.99	949.984
1040	950
1040	950
1040	950
1040.01	949.994
1045.76	946.163
1158.85	870.764
1273.11	794.595
1279.97	790.023
1280	790
1280	790
1280	790
1280	790
1280.39	789.854
1339.31	767.559
1577.25	677.529
1648.23	650.668
1649.99	650.003
1650	650
1650	650
1650	650
1650	650.003
1650.73	652.277
1675.79	730.091
1786.5	1073.88
1838.93	1236.67
1840	1240
1840	1240
1840	1240
1840	1240
1840	1240
1839.16	1240.93
1806.41	1277.43
1624.96	1479.62
1494.64	1624.83
1490	1630
1490	1630
1490	1630
1490	1630
1490	1629.98
1489.72	1628.07
1484.45	1591.13
1465.44	1458.08
1460.02	1420.12
1460	1420
1460	1420
1460	1420
1460	1420
1459.9	1419.88
1455.5	1414.5
1398.09	1344.34
1292.32	1215.06
1280.02	1200.03
1280	1200
1280	1200
1280	1200
1280	1200
1279.95	1200.8
1277.99	1230.16
1266.8	1397.94
1260.18	1497.31
1260	1500
1260	1500
1260	1500
1260	1500
1259.99	1500.02
1257.8	1505.2
1209.43	1619.54
1153.88	1750.84
1150.02	1759.96
1150	1760
1150	1760
1150	1760
1150.01	1760.02
1153.2	1764.37
1205.38	1835.52
1256.79	1905.63
1259.99	1909.99
1260	1910
1260	1910
1260	1910
1259.99	1910.03
1257.44	1921.09
1215.52	2102.73
1172.57	2288.88
1170.01	2299.98
1170	2300
1170	2300
1170	2300
1169.99	2299.98
1164.93	2291.67
1091.1	2170.37
1032.68	2074.4
1030.01	2070.01
1030	2070
1030	2070
1030	2070
1029.99	2070.01
1023.98	2074.76
908.189	2166.43
795.889	2255.34
790.018	2259.99
790	2260
790	2260
790	2260
789.964	2259.79
787.17	2243.73
762.107	2099.61
750.111	2030.64
750	2030
750	2030
750	2030
749.989	2030
748.06	2030.75
694.237	2051.45
516.864	2119.67
490.038	2129.99
490	2130
490	2130
490	2130
489.993	2130
486.584	2129.7
371.255	2119.44
84.008	2093.91
40.2541	2090.02
40.0002	2090
40	2090
40.0001	2090
40.0593	2089.98
52.8156	2085.59
212.167	2030.82
352.873	1982.45
359.966	1980.01
360	1980
360	1980
360	1980
360.061	1979.97
369.102	1975.93
542.423	1898.49
808.408	1779.65
829.947	1770.02
830	1770
830	1770
829.999	1770
829.813	1769.9
806.014	1756.81
669.984	1681.99
630.681	1660.37
630.001	1660
630	1660
630	1660
630	1660
629.948	1659.65
623.042	1613.03
595.655	1428.17
590.111	1390.75
590	1390
590	1390
590.001	1390
590.525	1389.65
616.392	1372.41
698.514	1317.66
709.909	1310.06
709.999	1310
710	1310
710	1310
710.007	1310
715.16	1310.6
836.827	1324.63
958.306	1338.65
969.844	1339.98
970	1340
970	1340
970	1340
969.862	1339.85
950.058	1318.25
814.642	1170.52
752.675	1102.92
750.01	1100.01
750	1100
750	1100
750	1100
750	1099.66
750	1064.7
