750	925.903
750	900.35
750	900.001
750	900
750	900
749.972	899.996
743.046	899.041
610.755	880.794
467.634	861.053
460.009	860.001
460	860
460	860
460	860
460.029	859.908
466.406	839.5
502.338	724.519
509.929	700.228
510	700.001
510	700
510	700
509.996	699.999
504.745	697.936
374.937	646.939
238.713	593.423
230.05	590.02
230	590
230	590
230	590
230.027	589.991
239.323	586.773
373.716	540.252
485.091	501.699
489.988	500.004
490	500
490	500
490	500
490.018	500.003
497.86	501.123
663.638	524.806
830.666	548.667
839.983	549.998
840	550
840	550
840	550
840.01	550.019
846.709	563.418
952.515	775.029
1035.62	941.243
1039.99	949.987
1040	950
1040	950
1040	950
1040.01	949.996
1045.54	946.305
1158.57	870.955
1273.1	794.603
1279.97	790.023
1280	790
1280	790
1280	790
1280	790
1280.35	789.867
1338.6	767.826
1577.13	677.571
1648.27	650.655
1649.99	650.002
1650	650
1650	650
1650	650
1650	650.002
1650.72	652.221
1675.76	729.999
1786.63	1074.27
1838.97	1236.79
1840	1240
1840	1240
1840	1240
1840	1240
1840	1240
1839.2	1240.9
1806.44	1277.39
1624.34	1480.3
1494.33	1625.17
1490	1630
1490	1630
1490	1630
1490	1630
1490	1629.99
1489.74	1628.19
1484.43	1591
1465.3	1457.1
1460.01	1420.1
1460	1420
1460	1420
1460	1420
1460	1420
1459.9	1419.88
1455.49	1414.49
1397.79	1343.97
1291.85	1214.49
1280.02	1200.02
1280	1200
1280	1200
1280	1200
1280	1200
1279.95	1200.77
1277.99	1230.1
1266.79	1398.11
1260.17	1497.38
1260	1500
1260	1500
1260	1500
1260	1500
1259.99	1500.01
1257.85	1505.08
1209.37	1619.66
1153.74	1751.17
1150.01	1759.97
1150	1760
1150	1760
1150	1760
1150.01	1760.01
1153.09	1764.22
1205.39	1835.53
1256.91	1905.78
1259.99	1909.99
1260	1910
1260	1910
1260	1910
1259.99	1910.02
1257.53	1920.69
1215.59	2102.44
1172.54	2289.01
1170	2299.98
1170	2300
1170	2300
1170	2300
1169.99	2299.98
1165	2291.78
1091.12	2170.41
1032.65	2074.35
1030.01	2070.01
1030	2070
1030	2070
1030	2070
1029.99	2070.01
1024.04	2074.71
907.995	2166.59
795.672	2255.51
790.013	2259.99
790	2260
790	2260
790	2260
789.97	2259.83
787.18	2243.78
761.702	2097.29
750.086	2030.49
750	2030
750	2030
750	2030
749.991	2030
748.099	2030.73
693.469	2051.74
515.149	2120.33
490.024	2129.99
490	2130
490	2130
490	2130
489.996	2130
486.784	2129.71
371.266	2119.45
82.9874	2093.82
40.2123	2090.02
40.0001	2090
40	2090
40	2090
40.0498	2089.98
52.5363	2085.69
212.428	2030.73
353.229	1982.33
359.976	1980.01
360	1980
360	1980
360	1980
360.042	1979.98
368.688	1976.12
543.002	1898.23
809.718	1779.06
829.967	1770.01
830	1770
830	1770
830	1770
829.84	1769.91
805.973	1756.79
665.601	1679.58
630.28	1660.15
630	1660
630	1660
630	1660
630	1660
629.951	1659.67
622.986	1612.66
595.369	1426.24
590.076	1390.51
590	1390
590	1390
590	1390
590.375	1389.75
615.501	1373
699.012	1317.33
709.938	1310.04
710	1310
710	1310
710	1310
710.004	1310
714.787	1310.55
836.5	1324.6
958.714	1338.7
969.882	1339.99
970	1340
970	1340
970	1340
969.896	1339.89
950.811	1319.07
814.922	1170.82
752.62	1102.86
750.009	1100.01
750	1100
750	1100
750	1100
750	1099.7
750	1065.27
