750	926.307
750	900.362
750	900.001
750	900
750	900
749.972	899.996
743.041	899.04
610.665	880.781
467.553	861.042
460.008	860.001
460	860
460	860
460	860
460.027	859.915
466.34	839.711
502.325	724.559
509.93	700.224
510	700.001
510	700
510	700
509.999	699.999
505.895	698.387
378.565	648.365
238.712	593.422
230.043	590.017
230	590
230	590
230	590
230.018	589.994
238.84	586.94
373.281	540.403
485.072	501.706
489.988	500.004
490	500
490	500
490	500
490.018	500.003
497.898	501.128
664.397	524.914
831.342	548.763
839.991	549.999
840	550
840	550
840	550
840.005	550.011
846.228	562.456
952.126	774.252
1035.69	941.374
1039.99	949.989
1040	950
1040	950
1040	950
1040.01	949.996
1045.43	946.378
1158.45	871.036
1273.11	794.596
1279.97	790.022
1280	790
1280	790
1280	790
1280	790
1280.25	789.905
1336.25	768.715
1576.78	677.705
1648.39	650.61
1650	650.001
1650	650
1650	650
1650	650
1650	650.001
1650.66	652.046
1675.65	729.643
1786.65	1074.33
1838.98	1236.83
1840	1240
1840	1240
1840	1240
1840	1240
1840	1240
1839.2	1240.89
1806.45	1277.39
1624.11	1480.57
1494.2	1625.32
1490	1630
1490	1630
1490	1630
1490	1630
1490	1629.99
1489.75	1628.23
1484.36	1590.49
1464.98	1454.89
1460.01	1420.06
1460	1420
1460	1420
1460	1420
1460	1420
1459.91	1419.89
1455.5	1414.5
1397.52	1343.64
1291.37	1213.89
1280.01	1200.02
1280	1200
1280	1200
1280	1200
1280	1200
1279.95	1200.74
1278	1230.06
1266.76	1398.53
1260.16	1497.57
1260	1500
1260	1500
1260	1500
1260	1500
1260	1500.01
1258	1504.73
1209.43	1619.52
1153.59	1751.52
1150.01	1759.98
1150	1760
1150	1760
1150	1760
1150.01	1760.01
1152.96	1764.03
1205.27	1835.37
1256.93	1905.82
1259.99	1909.99
1260	1910
1260	1910
1260	1910
1260	1910.02
1257.56	1920.59
1215.52	2102.76
1172.44	2289.44
1170	2299.98
1170	2300
1170	2300
1170	2300
1169.99	2299.99
1165.18	2292.09
1091.1	2170.39
1032.51	2074.13
1030	2070.01
1030	2070
1030	2070
1030	2070
1029.99	2070.01
1024.35	2074.47
908.161	2166.46
795.512	2255.64
790.011	2259.99
790	2260
790	2260
790	2260
789.976	2259.86
787.245	2244.16
761.623	2096.83
750.081	2030.46
750	2030
750	2030
750	2030
749.992	2030
748.116	2030.72
693.374	2051.78
514.875	2120.43
490.022	2129.99
490	2130
490	2130
490	2130
489.996	2130
486.792	2129.71
370.545	2119.38
81.2063	2093.66
40.151	2090.01
40	2090
40	2090
40	2090
40.0355	2089.99
52.0295	2085.86
212.29	2030.78
353.428	1982.26
359.982	1980.01
360	1980
360	1980
360	1980
360.033	1979.99
368.417	1976.24
542.842	1898.3
809.919	1778.97
829.969	1770.01
830	1770
830	1770
830	1770
829.843	1769.91
805.881	1756.73
664.509	1678.98
630.218	1660.12
630	1660
630	1660
630	1660
630	1660
629.95	1659.66
622.92	1612.21
595.146	1424.73
590.054	1390.36
590	1390
590	1390
590	1390
590.274	1389.82
614.726	1373.52
699.336	1317.11
709.954	1310.03
710	1310
710	1310
710	1310
710.003	1310
714.552	1310.53
836.555	1324.6
959.371	1338.77
969.929	1339.99
970	1340
970	1340
970	1340
969.937	1339.93
951.95	1320.31
815.301	1171.24
752.531	1102.76
750.006	1100.01
750	1100
750	1100
750	1100
750	1099.79
750	1066.68
